1 0.766235814
2 0.623620399
3 0.514482105
4 0.426046858
5 0.352721974
6 0.291453693
7 0.240200838
8 0.197415995
9 0.161830669
10 0.132358630
11 0.108051516
12 0.088078504
13 0.071716887
14 0.058345716
15 0.047438241
16 0.038552519
17 0.031320974
18 0.025439904
19 0.020659605
20 0.016775506
21 0.013620443
22 0.011058077
23 0.008977356
24 0.007287915
25 0.005916272
26 0.004802703
27 0.003898686
28 0.003164806
29 0.002569054
30 0.002085440
31 0.001692858
32 0.001374177
33 0.001115485
34 0.000905492
35 0.000735030
36 0.000596658
37 0.000484335
38 0.000393156
39 0.000319143
40 0.000259063
41 0.000210293
42 0.000170704
43 0.000138568
44 0.000112482
45 0.000091307
46 0.000074118
47 0.000060165
48 0.000048838
49 0.000039644
50 0.000032181
51 0.000026123
52 0.000021205
53 0.000017213
54 0.000013973
55 0.000011342
56 0.000009207
57 0.000007474
58 0.000006067
59 0.000004925
60 0.000003998
61 0.000003245
62 0.000002634
63 0.000002138
64 0.000001736
65 0.000001409
66 0.000001144
67 0.000000928
68 0.000000754
69 0.000000612
70 0.000000497
71 0.000000403
72 0.000000327
73 0.000000266
74 0.000000216
75 0.000000175
76 0.000000142
77 0.000000115
78 0.000000094
