1 0.897938490
2 0.838229299
3 0.791966081
4 0.752934575
5 0.718507648
6 0.687335551
7 0.658629119
8 0.631886125
9 0.606765389
10 0.583025575
11 0.560488522
12 0.539020002
13 0.518515885
14 0.498893440
15 0.480086118
16 0.462038964
17 0.444705755
18 0.428046703
19 0.412027478
20 0.396617144
21 0.381787896
22 0.367514580
23 0.353774279
24 0.340545356
25 0.327807188
26 0.315541089
27 0.303729087
28 0.292353779
29 0.281399280
30 0.270849675
31 0.260690004
32 0.250906378
33 0.241484717
34 0.232411712
35 0.223675132
36 0.215262383
37 0.207162067
38 0.199362263
39 0.191852510
40 0.184622124
41 0.177661225
42 0.170959622
43 0.164507926
44 0.158297211
45 0.152318493
46 0.146563321
47 0.141023681
48 0.135691330
49 0.130559027
50 0.125619158
51 0.120864689
52 0.116288818
53 0.111885168
54 0.107646912
55 0.103568196
56 0.099643089
57 0.095865943
58 0.092231147
59 0.088733390
60 0.085367650
61 0.082128949
62 0.079012603
63 0.076014042
64 0.073128760
65 0.070352532
66 0.067681521
67 0.065111339
68 0.062638521
69 0.060259350
70 0.057970311
71 0.055767979
72 0.053649057
73 0.051610384
74 0.049649108
75 0.047762208
76 0.045946825
77 0.044200320
78 0.042520083
79 0.040903714
80 0.039348353
81 0.037852459
82 0.036413144
83 0.035028465
84 0.033696424
85 0.032415014
86 0.031182224
87 0.029996239
88 0.028855372
89 0.027757857
90 0.026701966
91 0.025686247
92 0.024709215
93 0.023769133
94 0.022864979
95 0.021995142
96 0.021158328
97 0.020353330
98 0.019578965
99 0.018834032
100 0.018117517
101 0.017428150
102 0.016765067
103 0.016127059
104 0.015513353
105 0.014923207
106 0.014355253
107 0.013809152
108 0.013283612
109 0.012778195
110 0.012292005
111 0.011824152
112 0.011374246
113 0.010941448
114 0.010524991
115 0.010124457
116 0.009739138
117 0.009368576
118 0.009012097
119 0.008669006
120 0.008339130
121 0.008021788
122 0.007716509
123 0.007422797
124 0.007140394
125 0.006868651
126 0.006607162
127 0.006355643
128 0.006113922
129 0.005881169
130 0.005657246
131 0.005442074
132 0.005234913
133 0.005035609
134 0.004844001
135 0.004659635
136 0.004482382
137 0.004311816
138 0.004147603
139 0.003989767
140 0.003838010
141 0.003691839
142 0.003551338
143 0.003416165
144 0.003286111
145 0.003161082
146 0.003040825
147 0.002925093
148 0.002813765
149 0.002706577
150 0.002603637
151 0.002504479
152 0.002409249
153 0.002317469
154 0.002229288
155 0.002144494
156 0.002062824
157 0.001984335
158 0.001908811
159 0.001836209
160 0.001766117
161 0.001699056
162 0.001634281
163 0.001572123
164 0.001512445
165 0.001454726
166 0.001399413
167 0.001346172
168 0.001294901
169 0.001245622
170 0.001198161
171 0.001152662
172 0.001108615
173 0.001066598
174 0.001025961
175 0.000986948
176 0.000949397
177 0.000913254
178 0.000878405
179 0.000844969
180 0.000812903
181 0.000781887
182 0.000752144
183 0.000723425
184 0.000695915
185 0.000669414
186 0.000643918
187 0.000619439
188 0.000595849
189 0.000573274
190 0.000551402
191 0.000530402
192 0.000510174
193 0.000490941
194 0.000472066
195 0.000454180
196 0.000436857
197 0.000420205
198 0.000404295
199 0.000388790
200 0.000373983
201 0.000359790
202 0.000346060
203 0.000332924
204 0.000320228
205 0.000308148
206 0.000296363
207 0.000285058
208 0.000274300
209 0.000263864
210 0.000253785
211 0.000244078
212 0.000234760
213 0.000225911
214 0.000217361
215 0.000208986
216 0.000201000
217 0.000193452
218 0.000186054
219 0.000179004
220 0.000172086
221 0.000165651
222 0.000159333
223 0.000153226
224 0.000147444
225 0.000141783
226 0.000136342
227 0.000131148
228 0.000126215
229 0.000121447
230 0.000116786
231 0.000112362
232 0.000108097
233 0.000104033
234 0.000099878
235 0.000096158
236 0.000092626
237 0.000089099
238 0.000085686
239 0.000082357
240 0.000079256
241 0.000076211
242 0.000073341
243 0.000070575
244 0.000067900
245 0.000065346
246 0.000062739
247 0.000060452
248 0.000058093
249 0.000055875
250 0.000053786
251 0.000051730
252 0.000049843
253 0.000047843
254 0.000046042
255 0.000044329
256 0.000042630
257 0.000041014
258 0.000039541
259 0.000037981
260 0.000036544
261 0.000035074
262 0.000033777
263 0.000032521
264 0.000031348
265 0.000030083
266 0.000028946
267 0.000027922
268 0.000026809
269 0.000025804
270 0.000024861
271 0.000023876
272 0.000022976
273 0.000022093
274 0.000021200
275 0.000020408
276 0.000019598
277 0.000018901
278 0.000018233
279 0.000017558
280 0.000016936
281 0.000016253
282 0.000015667
283 0.000015077
284 0.000014398
285 0.000013929
286 0.000013458
287 0.000012962
288 0.000012505
289 0.000011994
290 0.000011476
291 0.000011018
292 0.000010768
293 0.000010279
294 0.000009979
295 0.000009628
296 0.000009140
297 0.000008727
298 0.000008516
299 0.000008361
300 0.000008053
301 0.000007611
302 0.000007390
303 0.000007318
304 0.000006982
305 0.000006723
306 0.000006466
307 0.000006130
308 0.000006013
309 0.000005780
310 0.000005642
311 0.000005416
312 0.000005259
313 0.000005031
314 0.000004824
315 0.000004756
316 0.000004428
317 0.000004392
318 0.000004324
319 0.000004188
320 0.000004034
321 0.000003954
322 0.000003920
323 0.000003702
324 0.000003693
325 0.000003535
326 0.000003291
327 0.000003238
328 0.000003286
329 0.000003105
330 0.000003161
331 0.000003124
332 0.000002935
333 0.000003022
334 0.000002811
335 0.000002876
336 0.000002678
337 0.000002614
338 0.000002606
339 0.000002651
340 0.000002517
341 0.000002522
342 0.000002426
343 0.000002464
344 0.000002384
345 0.000002347
346 0.000002482
347 0.000002305
348 0.000002308
349 0.000002310
350 0.000002300
351 0.000002097
352 0.000002300
353 0.000002303
354 0.000002288
355 0.000002283
356 0.000002137
357 0.000002085
358 0.000002065
359 0.000002098
360 0.000002150
361 0.000002058
362 0.000001745
363 0.000001812
364 0.000002002
365 0.000001946
366 0.000001890
367 0.000001900
368 0.000001878
369 0.000001880
370 0.000001883
371 0.000001866
372 0.000001900
373 0.000001843
374 0.000001843
375 0.000001843
376 0.000001843
377 0.000001843
378 0.000001843
379 0.000001843
380 0.000001843
381 0.000001843
382 0.000001843
383 0.000001843
384 0.000001843
385 0.000001843
386 0.000001843
387 0.000001843
388 0.000001843
389 0.000001843
390 0.000001843
391 0.000001843
392 0.000001843
393 0.000001843
394 0.000001843
395 0.000001843
396 0.000001843
397 0.000001843
398 0.000001843
399 0.000001843
400 0.000001843
401 0.000001843
402 0.000001843
403 0.000001843
404 0.000001843
405 0.000001843
406 0.000001843
407 0.000001843
408 0.000001843
409 0.000001843
410 0.000001843
411 0.000001843
412 0.000001843
413 0.000001843
414 0.000001843
415 0.000001843
416 0.000001843
417 0.000001843
418 0.000001843
419 0.000001843
420 0.000001843
421 0.000001843
422 0.000001843
423 0.000001843
424 0.000001843
425 0.000001843
426 0.000001843
427 0.000001843
428 0.000001843
429 0.000001843
430 0.000001843
431 0.000001843
432 0.000001843
433 0.000001843
434 0.000001843
435 0.000001843
436 0.000001843
437 0.000001843
438 0.000001843
439 0.000001843
440 0.000001843
441 0.000001843
442 0.000001843
443 0.000001843
444 0.000001843
445 0.000001843
446 0.000001843
447 0.000001843
448 0.000001843
449 0.000001843
450 0.000001843
451 0.000001843
452 0.000001843
453 0.000001843
454 0.000001843
455 0.000001843
456 0.000001843
457 0.000001843
458 0.000001843
459 0.000001843
460 0.000001843
461 0.000001843
462 0.000001843
463 0.000001843
464 0.000001843
465 0.000001843
466 0.000001843
467 0.000001843
468 0.000001843
469 0.000001843
470 0.000001843
471 0.000001843
472 0.000001843
473 0.000001843
474 0.000001843
475 0.000001843
476 0.000001843
477 0.000001843
478 0.000001843
479 0.000001843
480 0.000001843
481 0.000001843
482 0.000001843
483 0.000001843
484 0.000001843
485 0.000001843
486 0.000001843
487 0.000001843
488 0.000001843
489 0.000001843
490 0.000001843
491 0.000001843
492 0.000001843
493 0.000001843
494 0.000001843
495 0.000001843
496 0.000001843
497 0.000001843
498 0.000001843
499 0.000001843
500 0.000001843
501 0.000001843
502 0.000001843
503 0.000001843
504 0.000001843
505 0.000001843
506 0.000001843
507 0.000001843
508 0.000001843
509 0.000001843
510 0.000001843
511 0.000001843
512 0.000001843
513 0.000001843
514 0.000001843
515 0.000001843
516 0.000001843
517 0.000001843
518 0.000001843
519 0.000001843
520 0.000001843
521 0.000001843
522 0.000001843
523 0.000001843
524 0.000001843
525 0.000001843
526 0.000001843
527 0.000001843
528 0.000001843
529 0.000001843
530 0.000001843
531 0.000001843
532 0.000001843
533 0.000001843
534 0.000001843
535 0.000001843
536 0.000001843
537 0.000001843
538 0.000001843
539 0.000001843
540 0.000001843
541 0.000001843
542 0.000001843
543 0.000001843
544 0.000001843
545 0.000001843
546 0.000001843
547 0.000001843
548 0.000001843
549 0.000001843
550 0.000001843
551 0.000001843
552 0.000001843
553 0.000001843
554 0.000001843
555 0.000001843
556 0.000001843
557 0.000001843
558 0.000001843
559 0.000001843
560 0.000001843
561 0.000001843
562 0.000001843
563 0.000001843
564 0.000001843
565 0.000001843
566 0.000001843
567 0.000001843
568 0.000001843
569 0.000001843
570 0.000001843
571 0.000001843
572 0.000001843
573 0.000001843
574 0.000001843
575 0.000001843
576 0.000001843
577 0.000001843
578 0.000001843
579 0.000001843
580 0.000001843
581 0.000001843
582 0.000001843
583 0.000001843
584 0.000001843
585 0.000001843
586 0.000001843
587 0.000001843
588 0.000001843
589 0.000001843
590 0.000001843
591 0.000001843
592 0.000001843
593 0.000001843
594 0.000001843
595 0.000001843
596 0.000001843
597 0.000001843
598 0.000001843
599 0.000001843
600 0.000001843
601 0.000001843
602 0.000001843
603 0.000001843
604 0.000001843
605 0.000001843
606 0.000001843
607 0.000001843
608 0.000001843
609 0.000001843
610 0.000001843
611 0.000001843
612 0.000001843
613 0.000001843
614 0.000001843
615 0.000001843
616 0.000001843
617 0.000001843
618 0.000001843
619 0.000001843
620 0.000001843
621 0.000001843
622 0.000001843
623 0.000001843
624 0.000001843
625 0.000001843
626 0.000001843
627 0.000001843
628 0.000001843
629 0.000001843
630 0.000001843
631 0.000001843
632 0.000001843
633 0.000001843
634 0.000001843
635 0.000001843
636 0.000001843
637 0.000001843
638 0.000001843
639 0.000001843
640 0.000001843
641 0.000001843
642 0.000001843
643 0.000001843
644 0.000001843
645 0.000001843
646 0.000001843
647 0.000001843
648 0.000001843
649 0.000001843
650 0.000001843
651 0.000001843
652 0.000001843
653 0.000001843
654 0.000001843
655 0.000001843
656 0.000001843
657 0.000001843
658 0.000001843
659 0.000001843
660 0.000001843
661 0.000001843
662 0.000001843
663 0.000001843
664 0.000001843
665 0.000001843
666 0.000001843
667 0.000001843
668 0.000001843
669 0.000001843
670 0.000001843
671 0.000001843
672 0.000001843
673 0.000001843
674 0.000001843
675 0.000001843
676 0.000001843
677 0.000001843
678 0.000001843
679 0.000001843
680 0.000001843
681 0.000001843
682 0.000001843
683 0.000001843
684 0.000001843
685 0.000001843
686 0.000001843
687 0.000001843
688 0.000001843
689 0.000001843
690 0.000001843
691 0.000001843
692 0.000001843
693 0.000001843
694 0.000001843
695 0.000001843
696 0.000001843
697 0.000001843
698 0.000001843
699 0.000001843
700 0.000001843
701 0.000001843
702 0.000001843
703 0.000001843
704 0.000001843
705 0.000001843
706 0.000001843
707 0.000001843
708 0.000001843
709 0.000001843
710 0.000001843
711 0.000001843
712 0.000001843
713 0.000001843
714 0.000001843
715 0.000001843
716 0.000001843
717 0.000001843
718 0.000001843
719 0.000001843
720 0.000001843
721 0.000001843
722 0.000001843
723 0.000001843
724 0.000001843
725 0.000001843
726 0.000001843
727 0.000001843
728 0.000001843
729 0.000001843
730 0.000001843
731 0.000001843
732 0.000001843
733 0.000001843
734 0.000001843
735 0.000001843
736 0.000001843
737 0.000001843
738 0.000001843
739 0.000001843
740 0.000001843
741 0.000001843
742 0.000001843
743 0.000001843
744 0.000001843
745 0.000001843
746 0.000001843
747 0.000001843
748 0.000001843
749 0.000001843
750 0.000001843
751 0.000001843
752 0.000001843
753 0.000001843
754 0.000001843
755 0.000001843
756 0.000001843
757 0.000001843
758 0.000001843
759 0.000001843
760 0.000001843
761 0.000001843
762 0.000001843
763 0.000001843
764 0.000001843
765 0.000001843
766 0.000001843
767 0.000001843
768 0.000001843
769 0.000001843
770 0.000001843
771 0.000001843
772 0.000001843
773 0.000001843
774 0.000001843
775 0.000001843
776 0.000001843
777 0.000001843
778 0.000001843
779 0.000001843
780 0.000001843
781 0.000001843
782 0.000001843
783 0.000001843
784 0.000001843
785 0.000001843
786 0.000001843
787 0.000001843
788 0.000001843
789 0.000001843
790 0.000001843
791 0.000001843
792 0.000001843
793 0.000001843
794 0.000001843
795 0.000001843
796 0.000001843
797 0.000001843
798 0.000001843
799 0.000001843
800 0.000001843
801 0.000001843
802 0.000001843
803 0.000001843
804 0.000001843
805 0.000001843
806 0.000001843
807 0.000001843
808 0.000001843
809 0.000001843
810 0.000001843
811 0.000001843
812 0.000001843
813 0.000001843
814 0.000001843
815 0.000001843
816 0.000001843
817 0.000001843
818 0.000001843
819 0.000001843
820 0.000001843
821 0.000001843
822 0.000001843
823 0.000001843
824 0.000001843
825 0.000001843
826 0.000001843
827 0.000001843
828 0.000001843
829 0.000001843
830 0.000001843
831 0.000001843
832 0.000001843
833 0.000001843
834 0.000001843
835 0.000001843
836 0.000001843
837 0.000001843
838 0.000001843
839 0.000001843
840 0.000001843
841 0.000001843
842 0.000001843
843 0.000001843
844 0.000001843
845 0.000001843
846 0.000001843
847 0.000001843
848 0.000001843
849 0.000001843
850 0.000001843
851 0.000001843
852 0.000001843
853 0.000001843
854 0.000001843
855 0.000001843
856 0.000001843
857 0.000001843
858 0.000001843
859 0.000001843
860 0.000001843
861 0.000001843
862 0.000001843
863 0.000001843
864 0.000001843
865 0.000001843
866 0.000001843
867 0.000001843
868 0.000001843
869 0.000001843
870 0.000001843
871 0.000001843
872 0.000001843
873 0.000001843
874 0.000001843
875 0.000001843
876 0.000001843
877 0.000001843
878 0.000001843
879 0.000001843
880 0.000001843
881 0.000001843
882 0.000001843
883 0.000001843
884 0.000001843
885 0.000001843
886 0.000001843
887 0.000001843
888 0.000001843
889 0.000001843
890 0.000001843
891 0.000001843
892 0.000001843
893 0.000001843
894 0.000001843
895 0.000001843
896 0.000001843
897 0.000001843
898 0.000001843
899 0.000001843
900 0.000001843
901 0.000001843
902 0.000001843
903 0.000001843
904 0.000001843
905 0.000001843
906 0.000001843
907 0.000001843
908 0.000001843
909 0.000001843
910 0.000001843
911 0.000001843
912 0.000001843
913 0.000001843
914 0.000001843
915 0.000001843
916 0.000001843
917 0.000001843
918 0.000001843
919 0.000001843
920 0.000001843
921 0.000001843
922 0.000001843
923 0.000001843
924 0.000001843
925 0.000001843
926 0.000001843
927 0.000001843
928 0.000001843
929 0.000001843
930 0.000001843
931 0.000001843
932 0.000001843
933 0.000001843
934 0.000001843
935 0.000001843
936 0.000001843
937 0.000001843
938 0.000001843
939 0.000001843
940 0.000001843
941 0.000001843
942 0.000001843
943 0.000001843
944 0.000001843
945 0.000001843
946 0.000001843
947 0.000001843
948 0.000001843
949 0.000001843
950 0.000001843
951 0.000001843
952 0.000001843
953 0.000001843
954 0.000001843
955 0.000001843
956 0.000001843
957 0.000001843
958 0.000001843
959 0.000001843
960 0.000001843
961 0.000001843
962 0.000001843
963 0.000001843
964 0.000001843
965 0.000001843
966 0.000001843
967 0.000001843
968 0.000001843
969 0.000001843
970 0.000001843
971 0.000001843
972 0.000001843
973 0.000001843
974 0.000001843
975 0.000001843
976 0.000001843
977 0.000001843
978 0.000001843
979 0.000001843
980 0.000001843
981 0.000001843
982 0.000001843
983 0.000001843
984 0.000001843
985 0.000001843
986 0.000001843
987 0.000001843
988 0.000001843
989 0.000001843
990 0.000001843
991 0.000001843
992 0.000001843
993 0.000001843
994 0.000001843
995 0.000001843
996 0.000001843
997 0.000001843
998 0.000001843
999 0.000001843
1000 0.000001843
