1 0.919651508
2 0.874580383
3 0.839660287
4 0.810159504
5 0.784159601
6 0.760652244
7 0.739031017
8 0.718899906
9 0.699984133
10 0.682085633
11 0.665055454
12 0.648778915
13 0.633165777
14 0.618143499
15 0.603653550
16 0.589646697
17 0.576083183
18 0.562928677
19 0.550154328
20 0.537735403
21 0.525651038
22 0.513882756
23 0.502414405
24 0.491232127
25 0.480323136
26 0.469676763
27 0.459283024
28 0.449132293
29 0.439216524
30 0.429528713
31 0.420061260
32 0.410808086
33 0.401762992
34 0.392920256
35 0.384274781
36 0.375821263
37 0.367554814
38 0.359471142
39 0.351565421
40 0.343833655
41 0.336271912
42 0.328876048
43 0.321642339
44 0.314566851
45 0.307646364
46 0.300877243
47 0.294256210
48 0.287779838
49 0.281445026
50 0.275248557
51 0.269187629
52 0.263259083
53 0.257460147
54 0.251787722
55 0.246239588
56 0.240812376
57 0.235504240
58 0.230311632
59 0.225233048
60 0.220265284
61 0.215406314
62 0.210653692
63 0.206005082
64 0.201458380
65 0.197011471
66 0.192661509
67 0.188407227
68 0.184245974
69 0.180176035
70 0.176195547
71 0.172302306
72 0.168494523
73 0.164770439
74 0.161127850
75 0.157565519
76 0.154081538
77 0.150673971
78 0.147341326
79 0.144082069
80 0.140894622
81 0.137777135
82 0.134728223
83 0.131746635
84 0.128830567
85 0.125978783
86 0.123189725
87 0.120462179
88 0.117794849
89 0.115186088
90 0.112635195
91 0.110140406
92 0.107700504
93 0.105314769
94 0.102981448
95 0.100699700
96 0.098468259
97 0.096286319
98 0.094152287
99 0.092065543
100 0.090024866
101 0.088029332
102 0.086077645
103 0.084169634
104 0.082303435
105 0.080478422
106 0.078693874
107 0.076948695
108 0.075242296
109 0.073573507
110 0.071941845
111 0.070346229
112 0.068785943
113 0.067260049
114 0.065768033
115 0.064309016
116 0.062882394
117 0.061487246
118 0.060122903
119 0.058789074
120 0.057484709
121 0.056209147
122 0.054961719
123 0.053742096
124 0.052549534
125 0.051383346
126 0.050242964
127 0.049127761
128 0.048037499
129 0.046971187
130 0.045928590
131 0.044909321
132 0.043912482
133 0.042937618
134 0.041984495
135 0.041052617
136 0.040141270
137 0.039250161
138 0.038378835
139 0.037526798
140 0.036693513
141 0.035878986
142 0.035082392
143 0.034303479
144 0.033541963
145 0.032797109
146 0.032069076
147 0.031356830
148 0.030660836
149 0.029980065
150 0.029314378
151 0.028663328
152 0.028027136
153 0.027404597
154 0.026796022
155 0.026201000
156 0.025619134
157 0.025050236
158 0.024493862
159 0.023949975
160 0.023418177
161 0.022898134
162 0.022389600
163 0.021892533
164 0.021406272
165 0.020930778
166 0.020465825
167 0.020011399
168 0.019567013
169 0.019132417
170 0.018707631
171 0.018292056
172 0.017885851
173 0.017488712
174 0.017100219
175 0.016720500
176 0.016349111
177 0.015986087
178 0.015630936
179 0.015283739
180 0.014944302
181 0.014612415
182 0.014287779
183 0.013970455
184 0.013660083
185 0.013356810
186 0.013060035
187 0.012769944
188 0.012486442
189 0.012209060
190 0.011938015
191 0.011672817
192 0.011413488
193 0.011160079
194 0.010912199
195 0.010669739
196 0.010432929
197 0.010200872
198 0.009974308
199 0.009752885
200 0.009536399
201 0.009324418
202 0.009117382
203 0.008914660
204 0.008716803
205 0.008523190
206 0.008333978
207 0.008148727
208 0.007967530
209 0.007790814
210 0.007617662
211 0.007448518
212 0.007283041
213 0.007121287
214 0.006963085
215 0.006808442
216 0.006657221
217 0.006509286
218 0.006364695
219 0.006223408
220 0.006085216
221 0.005950112
222 0.005817762
223 0.005688502
224 0.005562162
225 0.005438705
226 0.005317707
227 0.005199782
228 0.005084236
229 0.004971330
230 0.004860787
231 0.004752902
232 0.004647223
233 0.004544103
234 0.004443049
235 0.004344372
236 0.004247992
237 0.004153713
238 0.004061231
239 0.003971124
240 0.003882990
241 0.003796696
242 0.003712258
243 0.003629873
244 0.003549223
245 0.003470286
246 0.003393261
247 0.003317910
248 0.003244227
249 0.003172006
250 0.003101741
251 0.003032810
252 0.002965357
253 0.002899584
254 0.002835223
255 0.002772309
256 0.002710737
257 0.002650358
258 0.002591599
259 0.002533937
260 0.002477586
261 0.002422613
262 0.002368796
263 0.002316156
264 0.002264894
265 0.002214434
266 0.002165329
267 0.002117129
268 0.002070170
269 0.002024205
270 0.001979216
271 0.001935296
272 0.001892281
273 0.001850236
274 0.001809211
275 0.001768805
276 0.001729664
277 0.001691312
278 0.001653584
279 0.001616853
280 0.001580973
281 0.001545815
282 0.001511453
283 0.001478002
284 0.001445143
285 0.001413034
286 0.001381769
287 0.001351124
288 0.001321107
289 0.001291572
290 0.001262851
291 0.001234870
292 0.001207441
293 0.001180625
294 0.001154458
295 0.001128743
296 0.001103655
297 0.001079225
298 0.001055191
299 0.001031804
300 0.001008828
301 0.000986525
302 0.000964479
303 0.000943259
304 0.000922176
305 0.000901727
306 0.000881557
307 0.000862210
308 0.000842990
309 0.000824078
310 0.000805962
311 0.000788102
312 0.000770643
313 0.000753378
314 0.000736680
315 0.000720302
316 0.000704201
317 0.000688559
318 0.000673373
319 0.000658477
320 0.000643723
321 0.000629390
322 0.000615441
323 0.000601811
324 0.000588359
325 0.000575315
326 0.000562622
327 0.000550131
328 0.000537848
329 0.000525918
330 0.000514275
331 0.000502780
332 0.000491665
333 0.000480740
334 0.000469941
335 0.000459513
336 0.000449474
337 0.000439318
338 0.000429736
339 0.000420249
340 0.000410906
341 0.000401623
342 0.000392810
343 0.000384126
344 0.000375550
345 0.000367182
346 0.000359037
347 0.000350990
348 0.000343146
349 0.000335639
350 0.000328191
351 0.000320853
352 0.000313683
353 0.000306672
354 0.000299883
355 0.000293305
356 0.000286786
357 0.000280580
358 0.000274217
359 0.000268169
360 0.000262231
361 0.000256415
362 0.000250605
363 0.000245152
364 0.000239701
365 0.000234251
366 0.000229120
367 0.000224036
368 0.000219068
369 0.000214067
370 0.000209468
371 0.000204826
372 0.000200369
373 0.000195821
374 0.000191539
375 0.000187247
376 0.000183148
377 0.000179009
378 0.000174979
379 0.000171142
380 0.000167241
381 0.000163562
382 0.000159928
383 0.000156485
384 0.000152976
385 0.000149571
386 0.000146356
387 0.000142834
388 0.000139763
389 0.000136788
390 0.000133595
391 0.000130607
392 0.000127789
393 0.000124910
394 0.000122231
395 0.000119523
396 0.000116817
397 0.000114302
398 0.000111632
399 0.000109096
400 0.000106778
401 0.000104446
402 0.000102224
403 0.000099888
404 0.000097596
405 0.000095337
406 0.000093428
407 0.000091243
408 0.000089329
409 0.000087361
410 0.000085323
411 0.000083434
412 0.000081596
413 0.000079802
414 0.000078096
415 0.000076325
416 0.000074538
417 0.000073010
418 0.000071303
419 0.000069786
420 0.000068319
421 0.000066868
422 0.000065386
423 0.000063842
424 0.000062217
425 0.000061062
426 0.000059706
427 0.000058354
428 0.000057154
429 0.000055796
430 0.000054594
431 0.000053367
432 0.000052200
433 0.000051041
434 0.000049770
435 0.000048682
436 0.000047602
437 0.000046599
438 0.000045559
439 0.000044598
440 0.000043539
441 0.000042783
442 0.000041785
443 0.000040785
444 0.000039878
445 0.000039180
446 0.000038252
447 0.000037259
448 0.000036561
449 0.000035654
450 0.000034841
451 0.000034084
452 0.000033430
453 0.000032568
454 0.000032039
455 0.000031249
456 0.000030565
457 0.000030019
458 0.000029133
459 0.000028674
460 0.000027871
461 0.000027402
462 0.000026764
463 0.000026227
464 0.000025613
465 0.000025094
466 0.000024655
467 0.000024081
468 0.000023525
469 0.000022884
470 0.000022525
471 0.000021875
472 0.000021340
473 0.000021062
474 0.000020612
475 0.000020037
476 0.000019648
477 0.000019280
478 0.000018790
479 0.000018300
480 0.000018163
481 0.000017691
482 0.000017143
483 0.000016991
484 0.000016516
485 0.000016321
486 0.000015859
487 0.000015540
488 0.000015357
489 0.000014846
490 0.000014800
491 0.000014333
492 0.000013971
493 0.000013813
494 0.000013378
495 0.000013189
496 0.000013068
497 0.000012582
498 0.000012391
499 0.000012014
500 0.000011854
501 0.000011463
502 0.000011271
503 0.000011076
504 0.000011001
505 0.000010498
506 0.000010430
507 0.000010009
508 0.000010150
509 0.000009849
510 0.000009697
511 0.000009451
512 0.000009186
513 0.000009072
514 0.000008933
515 0.000008795
516 0.000008575
517 0.000008435
518 0.000008479
519 0.000007966
520 0.000008056
521 0.000007853
522 0.000007668
523 0.000007665
524 0.000007505
525 0.000007326
526 0.000007118
527 0.000006867
528 0.000006953
529 0.000006811
530 0.000006834
531 0.000006695
532 0.000006640
533 0.000006344
534 0.000006104
535 0.000006072
536 0.000006149
537 0.000006235
538 0.000005875
539 0.000005853
540 0.000005693
541 0.000005780
542 0.000005540
543 0.000005200
544 0.000005444
545 0.000005269
546 0.000005361
547 0.000005026
548 0.000005069
549 0.000005046
550 0.000005115
551 0.000004851
552 0.000004856
553 0.000004718
554 0.000004914
555 0.000004627
556 0.000004621
557 0.000004495
558 0.000004601
559 0.000004713
560 0.000004393
561 0.000004489
562 0.000004220
563 0.000004429
564 0.000004166
565 0.000004400
566 0.000004027
567 0.000004412
568 0.000004127
569 0.000004163
570 0.000004072
571 0.000003942
572 0.000004009
573 0.000003875
574 0.000003645
575 0.000003914
576 0.000004079
577 0.000004113
578 0.000003942
579 0.000004018
580 0.000003741
581 0.000003834
582 0.000003627
583 0.000003805
584 0.000003585
585 0.000003558
586 0.000003753
587 0.000003818
588 0.000003496
589 0.000003579
590 0.000003441
591 0.000003417
592 0.000003514
593 0.000003437
594 0.000003505
595 0.000003534
596 0.000003583
597 0.000003300
598 0.000003322
599 0.000003236
600 0.000003458
601 0.000003408
602 0.000003379
603 0.000003450
604 0.000003263
605 0.000003301
606 0.000003389
607 0.000003344
608 0.000003318
609 0.000003394
610 0.000003280
611 0.000003367
612 0.000003415
613 0.000003270
614 0.000003321
615 0.000003418
616 0.000003225
617 0.000003177
618 0.000003207
619 0.000003173
620 0.000003193
621 0.000003129
622 0.000003152
623 0.000003160
624 0.000003144
625 0.000003144
626 0.000003129
627 0.000003136
628 0.000003131
629 0.000003129
630 0.000003129
631 0.000003129
632 0.000003129
633 0.000003129
634 0.000003129
635 0.000003129
636 0.000003129
637 0.000003129
638 0.000003129
639 0.000003129
640 0.000003129
641 0.000003129
642 0.000003129
643 0.000003129
644 0.000003129
645 0.000003129
646 0.000003129
647 0.000003129
648 0.000003129
649 0.000003129
650 0.000003129
651 0.000003129
652 0.000003129
653 0.000003129
654 0.000003129
655 0.000003129
656 0.000003129
657 0.000003129
658 0.000003129
659 0.000003129
660 0.000003129
661 0.000003129
662 0.000003129
663 0.000003129
664 0.000003129
665 0.000003129
666 0.000003129
667 0.000003129
668 0.000003129
669 0.000003129
670 0.000003129
671 0.000003129
672 0.000003129
673 0.000003129
674 0.000003129
675 0.000003129
676 0.000003129
677 0.000003129
678 0.000003129
679 0.000003129
680 0.000003129
681 0.000003129
682 0.000003129
683 0.000003129
684 0.000003129
685 0.000003129
686 0.000003129
687 0.000003129
688 0.000003129
689 0.000003129
690 0.000003129
691 0.000003129
692 0.000003129
693 0.000003129
694 0.000003129
695 0.000003129
696 0.000003129
697 0.000003129
698 0.000003129
699 0.000003129
700 0.000003129
701 0.000003129
702 0.000003129
703 0.000003129
704 0.000003129
705 0.000003129
706 0.000003129
707 0.000003129
708 0.000003129
709 0.000003129
710 0.000003129
711 0.000003129
712 0.000003129
713 0.000003129
714 0.000003129
715 0.000003129
716 0.000003129
717 0.000003129
718 0.000003129
719 0.000003129
720 0.000003129
721 0.000003129
722 0.000003129
723 0.000003129
724 0.000003129
725 0.000003129
726 0.000003129
727 0.000003129
728 0.000003129
729 0.000003129
730 0.000003129
731 0.000003129
732 0.000003129
733 0.000003129
734 0.000003129
735 0.000003129
736 0.000003129
737 0.000003129
738 0.000003129
739 0.000003129
740 0.000003129
741 0.000003129
742 0.000003129
743 0.000003129
744 0.000003129
745 0.000003129
746 0.000003129
747 0.000003129
748 0.000003129
749 0.000003129
750 0.000003129
751 0.000003129
752 0.000003129
753 0.000003129
754 0.000003129
755 0.000003129
756 0.000003129
757 0.000003129
758 0.000003129
759 0.000003129
760 0.000003129
761 0.000003129
762 0.000003129
763 0.000003129
764 0.000003129
765 0.000003129
766 0.000003129
767 0.000003129
768 0.000003129
769 0.000003129
770 0.000003129
771 0.000003129
772 0.000003129
773 0.000003129
774 0.000003129
775 0.000003129
776 0.000003129
777 0.000003129
778 0.000003129
779 0.000003129
780 0.000003129
781 0.000003129
782 0.000003129
783 0.000003129
784 0.000003129
785 0.000003129
786 0.000003129
787 0.000003129
788 0.000003129
789 0.000003129
790 0.000003129
791 0.000003129
792 0.000003129
793 0.000003129
794 0.000003129
795 0.000003129
796 0.000003129
797 0.000003129
798 0.000003129
799 0.000003129
800 0.000003129
801 0.000003129
802 0.000003129
803 0.000003129
804 0.000003129
805 0.000003129
806 0.000003129
807 0.000003129
808 0.000003129
809 0.000003129
810 0.000003129
811 0.000003129
812 0.000003129
813 0.000003129
814 0.000003129
815 0.000003129
816 0.000003129
817 0.000003129
818 0.000003129
819 0.000003129
820 0.000003129
821 0.000003129
822 0.000003129
823 0.000003129
824 0.000003129
825 0.000003129
826 0.000003129
827 0.000003129
828 0.000003129
829 0.000003129
830 0.000003129
831 0.000003129
832 0.000003129
833 0.000003129
834 0.000003129
835 0.000003129
836 0.000003129
837 0.000003129
838 0.000003129
839 0.000003129
840 0.000003129
841 0.000003129
842 0.000003129
843 0.000003129
844 0.000003129
845 0.000003129
846 0.000003129
847 0.000003129
848 0.000003129
849 0.000003129
850 0.000003129
851 0.000003129
852 0.000003129
853 0.000003129
854 0.000003129
855 0.000003129
856 0.000003129
857 0.000003129
858 0.000003129
859 0.000003129
860 0.000003129
861 0.000003129
862 0.000003129
863 0.000003129
864 0.000003129
865 0.000003129
866 0.000003129
867 0.000003129
868 0.000003129
869 0.000003129
870 0.000003129
871 0.000003129
872 0.000003129
873 0.000003129
874 0.000003129
875 0.000003129
876 0.000003129
877 0.000003129
878 0.000003129
879 0.000003129
880 0.000003129
881 0.000003129
882 0.000003129
883 0.000003129
884 0.000003129
885 0.000003129
886 0.000003129
887 0.000003129
888 0.000003129
889 0.000003129
890 0.000003129
891 0.000003129
892 0.000003129
893 0.000003129
894 0.000003129
895 0.000003129
896 0.000003129
897 0.000003129
898 0.000003129
899 0.000003129
900 0.000003129
901 0.000003129
902 0.000003129
903 0.000003129
904 0.000003129
905 0.000003129
906 0.000003129
907 0.000003129
908 0.000003129
909 0.000003129
910 0.000003129
911 0.000003129
912 0.000003129
913 0.000003129
914 0.000003129
915 0.000003129
916 0.000003129
917 0.000003129
918 0.000003129
919 0.000003129
920 0.000003129
921 0.000003129
922 0.000003129
923 0.000003129
924 0.000003129
925 0.000003129
926 0.000003129
927 0.000003129
928 0.000003129
929 0.000003129
930 0.000003129
931 0.000003129
932 0.000003129
933 0.000003129
934 0.000003129
935 0.000003129
936 0.000003129
937 0.000003129
938 0.000003129
939 0.000003129
940 0.000003129
941 0.000003129
942 0.000003129
943 0.000003129
944 0.000003129
945 0.000003129
946 0.000003129
947 0.000003129
948 0.000003129
949 0.000003129
950 0.000003129
951 0.000003129
952 0.000003129
953 0.000003129
954 0.000003129
955 0.000003129
956 0.000003129
957 0.000003129
958 0.000003129
959 0.000003129
960 0.000003129
961 0.000003129
962 0.000003129
963 0.000003129
964 0.000003129
965 0.000003129
966 0.000003129
967 0.000003129
968 0.000003129
969 0.000003129
970 0.000003129
971 0.000003129
972 0.000003129
973 0.000003129
974 0.000003129
975 0.000003129
976 0.000003129
977 0.000003129
978 0.000003129
979 0.000003129
980 0.000003129
981 0.000003129
982 0.000003129
983 0.000003129
984 0.000003129
985 0.000003129
986 0.000003129
987 0.000003129
988 0.000003129
989 0.000003129
990 0.000003129
991 0.000003129
992 0.000003129
993 0.000003129
994 0.000003129
995 0.000003129
996 0.000003129
997 0.000003129
998 0.000003129
999 0.000003129
1000 0.000003129
