1 0.919651528
2 0.874580304
3 0.839660458
4 0.810159661
5 0.784159740
6 0.760652304
7 0.739031067
8 0.718899831
9 0.699984241
10 0.682085719
11 0.665055482
12 0.648778922
13 0.633165768
14 0.618143614
15 0.603653517
16 0.589646899
17 0.576083302
18 0.562928719
19 0.550154333
20 0.537735530
21 0.525651137
22 0.513882804
23 0.502414515
24 0.491232192
25 0.480323370
26 0.469676930
27 0.459282887
28 0.449132206
29 0.439216658
30 0.429528694
31 0.420061348
32 0.410808150
33 0.401763059
34 0.392920403
35 0.384274830
36 0.375821269
37 0.367554896
38 0.359471105
39 0.351565486
40 0.343833803
41 0.336271975
42 0.328876068
43 0.321642277
44 0.314566917
45 0.307646415
46 0.300877303
47 0.294256209
48 0.287779851
49 0.281445035
50 0.275248650
51 0.269187659
52 0.263259103
53 0.257460092
54 0.251787805
55 0.246239487
56 0.240812446
57 0.235504051
58 0.230311732
59 0.225232973
60 0.220265317
61 0.215406361
62 0.210653753
63 0.206005192
64 0.201458430
65 0.197011264
66 0.192661540
67 0.188407152
68 0.184246036
69 0.180176175
70 0.176195593
71 0.172302357
72 0.168494577
73 0.164770399
74 0.161128012
75 0.157565644
76 0.154081557
77 0.150674053
78 0.147341470
79 0.144082180
80 0.140894591
81 0.137777143
82 0.134728310
83 0.131746601
84 0.128830552
85 0.125978735
86 0.123189749
87 0.120462224
88 0.117794820
89 0.115186225
90 0.112635154
91 0.110140352
92 0.107700588
93 0.105314659
94 0.102981389
95 0.100699624
96 0.098468238
97 0.096286126
98 0.094152211
99 0.092065434
100 0.090024764
101 0.088029188
102 0.086077717
103 0.084169384
104 0.082303240
105 0.080478360
106 0.078693837
107 0.076948783
108 0.075242332
109 0.073573634
110 0.071941858
111 0.070346192
112 0.068785842
113 0.067260029
114 0.065767993
115 0.064308990
116 0.062882293
117 0.061487188
118 0.060122979
119 0.058788986
120 0.057484542
121 0.056208995
122 0.054961706
123 0.053742054
124 0.052549427
125 0.051383228
126 0.050242875
127 0.049127796
128 0.048037433
129 0.046971239
130 0.045928681
131 0.044909237
132 0.043912394
133 0.042937655
134 0.041984529
135 0.041052538
136 0.040141216
137 0.039250105
138 0.038378757
139 0.037526737
140 0.036693614
141 0.035878972
142 0.035082402
143 0.034303503
144 0.033541883
145 0.032797161
146 0.032068963
147 0.031356921
148 0.030660678
149 0.029979885
150 0.029314199
151 0.028663285
152 0.028026816
153 0.027404472
154 0.026795940
155 0.026200913
156 0.025619093
157 0.025050186
158 0.024493907
159 0.023949975
160 0.023418117
161 0.022898064
162 0.022389556
163 0.021892336
164 0.021406154
165 0.020930764
166 0.020465929
167 0.020011412
168 0.019566987
169 0.019132428
170 0.018707518
171 0.018292041
172 0.017885789
173 0.017488556
174 0.017100144
175 0.016720356
176 0.016349000
177 0.015985890
178 0.015630843
179 0.015283680
180 0.014944225
181 0.014612308
182 0.014287762
183 0.013970422
184 0.013660130
185 0.013356727
186 0.013060063
187 0.012769986
188 0.012486351
189 0.012209015
190 0.011937838
191 0.011672683
192 0.011413417
193 0.011159908
194 0.010912030
195 0.010669656
196 0.010432665
197 0.010200938
198 0.009974357
199 0.009752808
200 0.009536179
201 0.009324362
202 0.009117249
203 0.008914736
204 0.008716721
205 0.008523104
206 0.008333787
207 0.008148675
208 0.007967674
209 0.007790693
210 0.007617643
211 0.007448437
212 0.007282988
213 0.007121215
214 0.006963035
215 0.006808368
216 0.006657136
217 0.006509263
218 0.006364675
219 0.006223299
220 0.006085062
221 0.005949896
222 0.005817732
223 0.005688504
224 0.005562146
225 0.005438595
226 0.005317788
227 0.005199664
228 0.005084165
229 0.004971230
230 0.004860804
231 0.004752831
232 0.004647256
233 0.004544027
234 0.004443090
235 0.004344395
236 0.004247893
237 0.004153534
238 0.004061271
239 0.003971057
240 0.003882848
241 0.003796597
242 0.003712263
243 0.003629801
244 0.003549172
245 0.003470333
246 0.003393246
247 0.003317871
248 0.003244170
249 0.003172107
250 0.003101644
251 0.003032746
252 0.002965379
253 0.002899508
254 0.002835100
255 0.002772123
256 0.002710545
257 0.002650335
258 0.002591462
259 0.002533897
260 0.002477610
261 0.002422574
262 0.002368761
263 0.002316142
264 0.002264693
265 0.002214386
266 0.002165197
267 0.002117101
268 0.002070073
269 0.002024089
270 0.001979127
271 0.001935164
272 0.001892177
273 0.001850146
274 0.001809047
275 0.001768862
276 0.001729570
277 0.001691150
278 0.001653584
279 0.001616852
280 0.001580936
281 0.001545818
282 0.001511480
283 0.001477905
284 0.001445075
285 0.001412975
286 0.001381588
287 0.001350898
288 0.001320890
289 0.001291548
290 0.001262858
291 0.001234806
292 0.001207376
293 0.001180556
294 0.001154332
295 0.001128690
296 0.001103618
297 0.001079103
298 0.001055132
299 0.001031694
300 0.001008776
301 0.000986368
302 0.000964457
303 0.000943033
304 0.000922085
305 0.000901602
306 0.000881574
307 0.000861991
308 0.000842844
309 0.000824121
310 0.000805814
311 0.000787914
312 0.000770412
313 0.000753298
314 0.000736565
315 0.000720203
316 0.000704205
317 0.000688562
318 0.000673267
319 0.000658311
320 0.000643688
321 0.000629389
322 0.000615408
323 0.000601738
324 0.000588371
325 0.000575301
326 0.000562521
327 0.000550026
328 0.000537808
329 0.000525861
330 0.000514180
331 0.000502758
332 0.000491590
333 0.000480670
334 0.000469993
335 0.000459552
336 0.000449344
337 0.000439363
338 0.000429603
339 0.000420060
340 0.000410729
341 0.000401605
342 0.000392684
343 0.000383961
344 0.000375432
345 0.000367092
346 0.000358938
347 0.000350964
348 0.000343168
349 0.000335545
350 0.000328092
351 0.000320804
352 0.000313677
353 0.000306709
354 0.000299896
355 0.000293235
356 0.000286721
357 0.000280352
358 0.000274124
359 0.000268035
360 0.000262081
361 0.000256259
362 0.000250567
363 0.000245001
364 0.000239558
365 0.000234237
366 0.000229034
367 0.000223946
368 0.000218971
369 0.000214107
370 0.000209351
371 0.000204701
372 0.000200153
373 0.000195707
374 0.000191360
375 0.000187109
376 0.000182953
377 0.000178889
378 0.000174915
379 0.000171029
380 0.000167230
381 0.000163516
382 0.000159883
383 0.000156332
384 0.000152859
385 0.000149463
386 0.000146143
387 0.000142897
388 0.000139723
389 0.000136619
390 0.000133584
391 0.000130617
392 0.000127715
393 0.000124878
394 0.000122104
395 0.000119392
396 0.000116740
397 0.000114147
398 0.000111611
399 0.000109132
400 0.000106707
401 0.000104337
402 0.000102019
403 0.000099753
404 0.000097537
405 0.000095371
406 0.000093252
407 0.000091181
408 0.000089155
409 0.000087175
410 0.000085238
411 0.000083345
412 0.000081493
413 0.000079683
414 0.000077913
415 0.000076182
416 0.000074490
417 0.000072835
418 0.000071218
419 0.000069636
420 0.000068089
421 0.000066576
422 0.000065097
423 0.000063651
424 0.000062237
425 0.000060855
426 0.000059503
427 0.000058181
428 0.000056889
429 0.000055625
430 0.000054389
431 0.000053181
432 0.000052000
433 0.000050845
434 0.000049715
435 0.000048611
436 0.000047531
437 0.000046475
438 0.000045443
439 0.000044434
440 0.000043446
441 0.000042481
442 0.000041538
443 0.000040615
444 0.000039713
445 0.000038831
446 0.000037968
447 0.000037125
448 0.000036300
449 0.000035494
450 0.000034705
451 0.000033934
452 0.000033180
453 0.000032443
454 0.000031723
455 0.000031018
456 0.000030329
457 0.000029655
458 0.000028997
459 0.000028352
460 0.000027723
461 0.000027107
462 0.000026505
463 0.000025916
464 0.000025340
465 0.000024777
466 0.000024227
467 0.000023689
468 0.000023163
469 0.000022648
470 0.000022145
471 0.000021653
472 0.000021172
473 0.000020702
474 0.000020242
475 0.000019792
476 0.000019353
477 0.000018923
478 0.000018502
479 0.000018091
480 0.000017689
481 0.000017297
482 0.000016912
483 0.000016537
484 0.000016169
485 0.000015810
486 0.000015459
487 0.000015115
488 0.000014780
489 0.000014451
490 0.000014130
491 0.000013817
492 0.000013510
493 0.000013209
494 0.000012916
495 0.000012629
496 0.000012349
497 0.000012074
498 0.000011806
499 0.000011544
500 0.000011287
501 0.000011037
502 0.000010792
503 0.000010552
504 0.000010317
505 0.000010088
506 0.000009864
507 0.000009645
508 0.000009431
509 0.000009221
510 0.000009016
511 0.000008816
512 0.000008620
513 0.000008429
514 0.000008242
515 0.000008059
516 0.000007879
517 0.000007704
518 0.000007533
519 0.000007366
520 0.000007202
521 0.000007042
522 0.000006886
523 0.000006733
524 0.000006583
525 0.000006437
526 0.000006294
527 0.000006154
528 0.000006018
529 0.000005884
530 0.000005753
531 0.000005625
532 0.000005500
533 0.000005378
534 0.000005259
535 0.000005142
536 0.000005028
537 0.000004916
538 0.000004807
539 0.000004700
540 0.000004596
541 0.000004494
542 0.000004394
543 0.000004296
544 0.000004201
545 0.000004107
546 0.000004016
547 0.000003927
548 0.000003840
549 0.000003754
550 0.000003671
551 0.000003590
552 0.000003510
553 0.000003432
554 0.000003356
555 0.000003281
556 0.000003208
557 0.000003137
558 0.000003067
559 0.000002999
560 0.000002932
561 0.000002867
562 0.000002804
563 0.000002741
564 0.000002680
565 0.000002621
566 0.000002563
567 0.000002506
568 0.000002450
569 0.000002396
570 0.000002342
571 0.000002290
572 0.000002240
573 0.000002190
574 0.000002141
575 0.000002094
576 0.000002047
577 0.000002002
578 0.000001957
579 0.000001914
580 0.000001871
581 0.000001830
582 0.000001789
583 0.000001749
584 0.000001710
585 0.000001672
586 0.000001635
587 0.000001599
588 0.000001563
589 0.000001529
590 0.000001495
591 0.000001461
592 0.000001429
593 0.000001397
594 0.000001366
595 0.000001336
596 0.000001306
597 0.000001277
598 0.000001249
599 0.000001221
600 0.000001194
601 0.000001167
602 0.000001142
603 0.000001116
604 0.000001091
605 0.000001067
606 0.000001043
607 0.000001020
608 0.000000998
609 0.000000975
610 0.000000954
611 0.000000933
612 0.000000912
613 0.000000892
614 0.000000872
615 0.000000852
616 0.000000833
617 0.000000815
618 0.000000797
619 0.000000779
620 0.000000762
621 0.000000745
622 0.000000728
623 0.000000712
624 0.000000696
625 0.000000681
626 0.000000666
627 0.000000651
628 0.000000637
629 0.000000622
630 0.000000609
631 0.000000595
632 0.000000582
633 0.000000569
634 0.000000556
635 0.000000544
636 0.000000532
637 0.000000520
638 0.000000508
639 0.000000497
640 0.000000486
641 0.000000475
642 0.000000465
643 0.000000454
644 0.000000444
645 0.000000434
646 0.000000425
647 0.000000415
648 0.000000406
649 0.000000397
650 0.000000388
651 0.000000380
652 0.000000371
653 0.000000363
654 0.000000355
655 0.000000347
656 0.000000339
657 0.000000332
658 0.000000324
659 0.000000317
660 0.000000310
661 0.000000303
662 0.000000297
663 0.000000290
664 0.000000284
665 0.000000277
666 0.000000271
667 0.000000265
668 0.000000259
669 0.000000253
670 0.000000248
671 0.000000242
672 0.000000237
673 0.000000232
674 0.000000226
675 0.000000221
676 0.000000217
677 0.000000212
678 0.000000207
679 0.000000202
680 0.000000198
681 0.000000194
682 0.000000189
683 0.000000185
684 0.000000181
685 0.000000177
686 0.000000173
687 0.000000169
688 0.000000165
689 0.000000162
690 0.000000158
691 0.000000155
692 0.000000151
693 0.000000148
694 0.000000145
695 0.000000141
696 0.000000138
697 0.000000135
698 0.000000132
699 0.000000129
700 0.000000126
701 0.000000123
702 0.000000121
703 0.000000118
704 0.000000115
705 0.000000113
706 0.000000110
707 0.000000108
708 0.000000106
709 0.000000103
710 0.000000101
711 0.000000099
