1 0.897938297
2 0.838229119
3 0.791966071
4 0.752934534
5 0.718507571
6 0.687335459
7 0.658629104
8 0.631885981
9 0.606765367
10 0.583025486
11 0.560488542
12 0.539020047
13 0.518515818
14 0.498893381
15 0.480086080
16 0.462038941
17 0.444705714
18 0.428046738
19 0.412027391
20 0.396616953
21 0.381787766
22 0.367514623
23 0.353774299
24 0.340545211
25 0.327807151
26 0.315541086
27 0.303729007
28 0.292353806
29 0.281399177
30 0.270849544
31 0.260689996
32 0.250906235
33 0.241484536
34 0.232411704
35 0.223675051
36 0.215262359
37 0.207161863
38 0.199362228
39 0.191852525
40 0.184622221
41 0.177661154
42 0.170959526
43 0.164507883
44 0.158297108
45 0.152318402
46 0.146563278
47 0.141023548
48 0.135691312
49 0.130558951
50 0.125619112
51 0.120864706
52 0.116288893
53 0.111885077
54 0.107646898
55 0.103568221
56 0.099643132
57 0.095865930
58 0.092231117
59 0.088733396
60 0.085367657
61 0.082128981
62 0.079012622
63 0.076014010
64 0.073128741
65 0.070352571
66 0.067681412
67 0.065111326
68 0.062638520
69 0.060259340
70 0.057970266
71 0.055767911
72 0.053649009
73 0.051610419
74 0.049649115
75 0.047762181
76 0.045946814
77 0.044200313
78 0.042520076
79 0.040903602
80 0.039348480
81 0.037852391
82 0.036413103
83 0.035028467
84 0.033696415
85 0.032414955
86 0.031182172
87 0.029996222
88 0.028855331
89 0.027757791
90 0.026701959
91 0.025686253
92 0.024709151
93 0.023769190
94 0.022864960
95 0.021995105
96 0.021158321
97 0.020353352
98 0.019578990
99 0.018834074
100 0.018117485
101 0.017428147
102 0.016765025
103 0.016127123
104 0.015513484
105 0.014923185
106 0.014355338
107 0.013809092
108 0.013283625
109 0.012778147
110 0.012291898
111 0.011824148
112 0.011374192
113 0.010941356
114 0.010524986
115 0.010124459
116 0.009739170
117 0.009368540
118 0.009012013
119 0.008669051
120 0.008339139
121 0.008021781
122 0.007716498
123 0.007422832
124 0.007140340
125 0.006868598
126 0.006607196
127 0.006355742
128 0.006113857
129 0.005881176
130 0.005657350
131 0.005442042
132 0.005234927
133 0.005035694
134 0.004844043
135 0.004659685
136 0.004482344
137 0.004311751
138 0.004147651
139 0.003989796
140 0.003837948
141 0.003691879
142 0.003551369
143 0.003416207
144 0.003286189
145 0.003161119
146 0.003040808
147 0.002925077
148 0.002813750
149 0.002706660
150 0.002603646
151 0.002504552
152 0.002409230
153 0.002317535
154 0.002229331
155 0.002144483
156 0.002062864
157 0.001984352
158 0.001908828
159 0.001836178
160 0.001766294
161 0.001699069
162 0.001634402
163 0.001572197
164 0.001512359
165 0.001454799
166 0.001399429
167 0.001346167
168 0.001294932
169 0.001245647
170 0.001198238
171 0.001152633
172 0.001108763
173 0.001066564
174 0.001025970
175 0.000986922
176 0.000949359
177 0.000913227
178 0.000878469
179 0.000845035
180 0.000812872
181 0.000781934
182 0.000752174
183 0.000723546
184 0.000696008
185 0.000669518
186 0.000644036
187 0.000619524
188 0.000595944
189 0.000573263
190 0.000551444
191 0.000530456
192 0.000510267
193 0.000490846
194 0.000472164
195 0.000454194
196 0.000436907
197 0.000420278
198 0.000404282
199 0.000388895
200 0.000374094
201 0.000359856
202 0.000346160
203 0.000332985
204 0.000320311
205 0.000308120
206 0.000296393
207 0.000285112
208 0.000274261
209 0.000263822
210 0.000253781
211 0.000244122
212 0.000234831
213 0.000225893
214 0.000217296
215 0.000209025
216 0.000201070
217 0.000193417
218 0.000186056
219 0.000178974
220 0.000172162
221 0.000165610
222 0.000159307
223 0.000153243
224 0.000147411
225 0.000141800
226 0.000136404
227 0.000131212
228 0.000126218
229 0.000121414
230 0.000116793
231 0.000112348
232 0.000108072
233 0.000103959
234 0.000100002
235 0.000096196
236 0.000092535
237 0.000089013
238 0.000085625
239 0.000082366
240 0.000079231
241 0.000076216
242 0.000073315
243 0.000070524
244 0.000067840
245 0.000065258
246 0.000062774
247 0.000060385
248 0.000058087
249 0.000055876
250 0.000053750
251 0.000051704
252 0.000049736
253 0.000047843
254 0.000046022
255 0.000044270
256 0.000042586
257 0.000040965
258 0.000039406
259 0.000037906
260 0.000036463
261 0.000035075
262 0.000033740
263 0.000032456
264 0.000031221
265 0.000030033
266 0.000028890
267 0.000027790
268 0.000026732
269 0.000025715
270 0.000024736
271 0.000023795
272 0.000022889
273 0.000022018
274 0.000021180
275 0.000020374
276 0.000019598
277 0.000018852
278 0.000018135
279 0.000017445
280 0.000016781
281 0.000016142
282 0.000015528
283 0.000014937
284 0.000014368
285 0.000013821
286 0.000013295
287 0.000012789
288 0.000012303
289 0.000011834
290 0.000011384
291 0.000010951
292 0.000010534
293 0.000010133
294 0.000009747
295 0.000009376
296 0.000009019
297 0.000008676
298 0.000008346
299 0.000008028
300 0.000007723
301 0.000007429
302 0.000007146
303 0.000006874
304 0.000006612
305 0.000006361
306 0.000006119
307 0.000005886
308 0.000005662
309 0.000005446
310 0.000005239
311 0.000005040
312 0.000004848
313 0.000004663
314 0.000004486
315 0.000004315
316 0.000004151
317 0.000003993
318 0.000003841
319 0.000003695
320 0.000003554
321 0.000003419
322 0.000003289
323 0.000003164
324 0.000003043
325 0.000002927
326 0.000002816
327 0.000002709
328 0.000002606
329 0.000002506
330 0.000002411
331 0.000002319
332 0.000002231
333 0.000002146
334 0.000002064
335 0.000001986
336 0.000001910
337 0.000001838
338 0.000001768
339 0.000001700
340 0.000001636
341 0.000001573
342 0.000001513
343 0.000001456
344 0.000001400
345 0.000001347
346 0.000001296
347 0.000001247
348 0.000001199
349 0.000001153
350 0.000001110
351 0.000001067
352 0.000001027
353 0.000000988
354 0.000000950
355 0.000000914
356 0.000000879
357 0.000000846
358 0.000000813
359 0.000000783
360 0.000000753
361 0.000000724
362 0.000000697
363 0.000000670
364 0.000000645
365 0.000000620
366 0.000000596
367 0.000000574
368 0.000000552
369 0.000000531
370 0.000000511
371 0.000000491
372 0.000000473
373 0.000000455
374 0.000000437
375 0.000000421
376 0.000000405
377 0.000000389
378 0.000000374
379 0.000000360
380 0.000000346
381 0.000000333
382 0.000000321
383 0.000000308
384 0.000000297
385 0.000000285
386 0.000000274
387 0.000000264
388 0.000000254
389 0.000000244
390 0.000000235
391 0.000000226
392 0.000000217
393 0.000000209
394 0.000000201
395 0.000000194
396 0.000000186
397 0.000000179
398 0.000000172
399 0.000000166
400 0.000000159
401 0.000000153
402 0.000000148
403 0.000000142
404 0.000000137
405 0.000000131
406 0.000000126
407 0.000000122
408 0.000000117
409 0.000000112
410 0.000000108
411 0.000000104
412 0.000000100
413 0.000000096
