1 0.855522454
2 0.768145204
3 0.699304342
4 0.640883446
5 0.589478016
6 0.543306231
7 0.501331687
8 0.462894976
9 0.427542269
10 0.394937634
11 0.364817768
12 0.336965621
13 0.311196506
14 0.287348360
15 0.265276939
16 0.244851500
17 0.225952655
18 0.208470568
19 0.192303732
20 0.177357852
21 0.163545191
22 0.150783643
23 0.138997167
24 0.128114253
25 0.118068837
26 0.108798720
27 0.100246005
28 0.092357226
29 0.085082076
30 0.078374363
31 0.072190560
32 0.066490822
33 0.061237838
34 0.056397308
35 0.051937044
36 0.047827967
37 0.044042543
38 0.040555503
39 0.037343569
40 0.034385208
41 0.031660620
42 0.029151512
43 0.026840676
44 0.024712740
45 0.022753377
46 0.020948937
47 0.019287497
48 0.017757738
49 0.016349059
50 0.015052148
51 0.013858004
52 0.012758488
53 0.011746185
54 0.010814145
55 0.009956122
56 0.009165924
57 0.008438655
58 0.007768985
59 0.007152463
60 0.006584744
61 0.006062195
62 0.005581075
63 0.005138207
64 0.004730348
65 0.004354937
66 0.004009271
67 0.003691036
68 0.003398128
69 0.003128374
70 0.002880129
71 0.002651440
72 0.002441068
73 0.002247320
74 0.002068891
75 0.001904703
76 0.001753532
77 0.001614400
78 0.001486220
79 0.001368191
80 0.001259687
81 0.001159602
82 0.001067627
83 0.000982841
84 0.000904828
85 0.000832977
86 0.000766909
87 0.000706052
88 0.000649998
89 0.000598392
90 0.000550950
91 0.000507185
92 0.000466904
93 0.000429902
94 0.000395691
95 0.000364404
96 0.000335379
97 0.000308788
98 0.000284237
99 0.000261659
100 0.000240945
101 0.000221754
102 0.000204162
103 0.000187895
104 0.000173112
105 0.000159312
106 0.000146591
107 0.000135082
108 0.000124390
109 0.000114466
110 0.000105322
111 0.000096990
112 0.000089329
113 0.000082262
114 0.000075697
115 0.000069749
116 0.000064141
117 0.000059151
118 0.000054361
119 0.000050054
120 0.000046060
121 0.000042394
122 0.000039040
123 0.000035903
124 0.000033023
125 0.000030473
126 0.000027922
127 0.000025714
128 0.000023769
129 0.000021910
130 0.000020212
131 0.000018564
132 0.000017085
133 0.000015692
134 0.000014507
135 0.000013304
136 0.000012284
137 0.000011327
138 0.000010357
139 0.000009554
140 0.000008838
141 0.000008208
142 0.000007517
143 0.000006928
144 0.000006443
145 0.000005844
146 0.000005414
147 0.000005017
148 0.000004664
149 0.000004196
150 0.000003896
151 0.000003626
152 0.000003346
153 0.000003088
154 0.000002867
155 0.000002631
156 0.000002527
157 0.000002355
158 0.000002110
159 0.000002007
160 0.000002000
161 0.000001921
162 0.000001666
163 0.000001641
164 0.000001441
165 0.000001395
166 0.000001515
167 0.000001360
168 0.000001236
169 0.000001252
170 0.000001119
171 0.000001095
172 0.000001114
173 0.000001120
174 0.000001081
175 0.000001020
176 0.000001037
177 0.000000968
