4968955208.675979
-3643776951.369915
125330282804.762634
53655559305.913849
-4540649845.600333
3415910958.987363
-14721536480.510927
99239554302.747559
-11429586.459336
138497304.220074
3033320747.984346
2907743360.927574
-154931483.474961
-87660014.314744
-739762094.919486
4095920780.345016
174549609.717308
-291406091.975172
2993293306.549987
-823568974.700598
173281938.597753
204380703.947819
4956638566.192197
7453352168.138259
17124084.277231
-165784351.622372
-806157663.390349
3997279185.458197
-415417306.711833
127914964.027998
7437004373.980049
5573857043.847260
10278295.926624
-557207513.235813
3783053961.457201
2097718801.413714
-205227820.554276
835421925.911716
4140289558.174546
1253515083.395563
411458001.374609
-304874464.147989
3232856089.048722
3312778219.610014
-399114843.862042
300507301.072977
3004381408.200799
4087141394.276566
-25889923.289363
25120772.825645
1451579204.386296
1137072434.117912
46982835.093970
-348140746.690219
1848316551.913818
629684991.808363
0.000000
0.000000
0.000000
0.000000
0.000000
0.000000
0.000000
0.000000
0.000000
0.000000
0.000000
0.000000
0.000000
0.000000
0.000000
0.000000
0.000000
0.000000
0.000000
0.000000
0.000000
0.000000
0.000000
0.000000
0.000000
0.000000
0.000000
0.000000
0.000000
0.000000
0.000000
0.000000
0.000000
0.000000
0.000000
0.000000
0.000000
0.000000
0.000000
0.000000
0.000000
0.000000
0.000000
0.000000
0.000000
0.000000
0.000000
0.000000
0.000000
0.000000
0.000000
0.000000
0.000000
0.000000
0.000000
0.000000
