4968954405.1135263443
-3643776791.9693937302
125330350157.4199981689
53655588122.7516708374
-4540649025.3908939362
3415910940.6321072578
-14721610413.3498115540
99239499451.6831359863
-11429364.2278500535
138497259.9879184365
3033322239.7480049133
2907746605.6807794571
-154931548.6522582471
-87659824.6445656717
-739764939.5596171618
4095921851.6696062088
174549778.8425759971
-291406040.0095048547
2993290810.2998828888
-823567449.9204735756
173281792.5743884742
204380550.9421053231
4956635707.7459602356
7453356572.3889598846
17123841.6267154925
-165784403.9607666433
-806158113.6130154133
3997278109.0140709877
-415417203.3927619457
127914886.6121776849
7437003009.5373477936
5573857478.5571823120
10278276.0381677784
-557207866.7239633799
3783051830.1467313766
2097722193.5767009258
-205227864.9704597890
835422212.5841284990
4140292939.6439628601
1253512329.6601157188
411458011.6509398818
-304874468.4170163870
3232857685.5414686203
3312777532.0232400894
-399114849.6683655977
300507326.2379750609
3004380097.4814882278
4087141863.6775999069
-25889921.0350470468
25120763.6454811022
1451578762.1765642166
1137072197.9624001980
46982973.4713153690
-348140785.6486082077
1848316582.0964555740
629685763.8181095123
-38508693.7556227520
312614913.5214541554
4449387604.9862728119
411916322.3631529808
11084459.1179241873
-1587014.1767914426
2059362066.6036946774
936455814.9777535200
23817565.7607724816
-28775218.9970150441
1662152315.1507906914
850434761.4935318232
39301491.1383766383
-32854726.5359062068
2712415009.5730404854
2072636480.2258515358
227941045.8177070916
-220268897.9054790735
5032942088.1601610184
4535383259.5523633957
-269390336.5423434377
300025708.0056462288
4896251300.6485996246
5151931331.4735660553
-33149520.7739008591
24626454.2376669161
383695669.7417721152
1081786188.6570298672
1287430.4736963673
-2552320.8449968346
445970186.2719303370
525773349.6472714543
91336304.8770795316
-58183098.9174930006
719307907.5281971693
1025311406.4021680355
99482293.3908641636
-81007386.5444583297
1904816236.7884593010
2726998724.8518214226
-131941561.7006397992
101931355.5796473324
1005376113.9187133312
1402210075.8601686954
-34075906.5227018446
-57806819.8517847210
1208299497.4029870033
706411306.0563116074
111662150.8497958034
-233788411.5120438337
2250233586.0785756111
-353482169.3526270986
-135775212.7471403778
352181922.7923706174
1404953774.5481994152
1432099205.4811356068
