4968954405.0636796951
-3643776792.0078234673
125330350156.0808105469
53655588127.4435043335
-4540649025.3669290543
3415910940.6677069664
-14721610410.7690982819
99239499445.3798828125
-11429364.1982437130
138497259.9779399335
3033322239.5954680443
2907746605.4091329575
-154931548.6303255856
-87659824.6298676431
-739764939.1139447689
4095921852.0228195190
174549778.8379740119
-291406039.9699439406
2993290809.8679518700
-823567449.8008424044
173281792.5592163801
204380550.9333360791
4956635707.4454555511
7453356572.6055946350
17123841.6201594248
-165784403.9775773287
-806158113.8991609812
3997278108.9921708107
-415417203.3893731236
127914886.6017505229
7437003009.5083713531
5573857478.4984111786
10278276.0543964002
-557207866.7268865108
3783051829.8595862389
2097722193.7154211998
-205227864.9892840683
835422212.5814647675
4140292939.8764429092
1253512329.6963384151
411458011.6417480707
-304874468.4120398760
3232857685.4662933350
3312777531.9745779037
-399114849.6597380638
300507326.2336905599
3004380097.4768099785
4087141863.5835819244
-25889921.0345745385
25120763.6450226381
1451578762.1433742046
1137072197.9595880508
46982973.4862424806
-348140785.6596481204
1848316582.1147406101
629685763.8794205189
-38508693.7703557462
312614913.5299210548
4449387605.1894302368
411916322.5420356989
11084459.1146876328
-1587014.1775794683
2059362066.7572717667
936455814.8890390396
23817565.7642933689
-28775218.9952036031
1662152315.2530798912
850434761.4211512804
39301491.1350952238
-32854726.5328559577
2712415009.5496516228
2072636480.2606813908
227941045.7945436835
-220268897.9023826718
5032942088.0989675522
4535383259.1518955231
-269390336.5179035068
300025708.0022088885
4896251300.5542430878
5151931331.1306266785
-33149520.7727054805
24626454.2364578322
383695669.7094282508
1081786188.6392738819
1287430.4737958617
-2552320.8452228960
445970186.2791422606
525773349.6709244847
91336304.8771535456
-58183098.9228680283
719307907.6026800871
1025311406.4055799246
99482293.3906427026
-81007386.5478693545
1904816236.8846197128
2726998724.8887586594
-131941561.7006310076
101931355.5834229290
1005376114.0489150286
1402210075.8071727753
-34075906.5223452523
-57806819.8474575356
1208299497.4139115810
706411306.1250258684
111662150.8427335769
-233788411.5044530034
2250233586.1214566231
-353482169.4353961945
-135775212.7411116064
352181922.7854947448
1404953774.4655270576
1432099205.5035541058
