0.0000078264
0.1315377881
0.7556053222
0.4586501319
0.5327672374
0.2189591863
0.0470446162
0.6788647169
0.6792964058
0.9346928959
0.3835020775
0.5194163721
0.8309653461
0.0345721105
0.0534616350
0.5297001933
0.6711493841
0.0076981862
0.3834156508
0.0668422375
0.4174859745
0.6867727124
0.5889766429
0.9304364947
0.8461668905
0.5269287776
0.0919648908
0.6539189623
0.4159993569
0.7011905944
0.9103208305
0.7621980397
0.2624529937
0.0474645137
0.7360818846
0.3282342261
0.6326385679
0.7564104860
0.9910373855
0.3653386707
0.2470388856
0.9825502862
0.7226604008
0.7533558350
0.6515185748
0.0726858829
0.6316347181
0.8847071286
0.2727099668
0.4364114057
0.7664947779
0.4777317650
0.2377744337
0.2749068403
0.3592649793
0.1665072004
0.4865173830
0.8976562866
0.9092081016
0.0605643275
0.9046530923
0.5045228947
0.5162919636
0.3190329412
0.9866421120
0.4939766850
0.2661445072
0.0907328949
0.9477642500
0.0737490752
0.5007070948
0.3841421480
0.2770818003
0.9138174420
0.5297473937
0.4644458250
0.9409799538
0.0500839837
0.7615142622
0.7702045468
0.8278173003
0.1253653756
0.0158677013
0.6884553012
0.8682471318
0.6295434179
0.7362245143
0.7254119984
0.9994578790
0.8885722137
0.2331948784
0.3063218311
0.3510152480
0.5132737022
0.5911135825
0.8459815601
0.4120807706
0.8415106395
0.2693172722
0.4153946156
0.5373039756
0.4679173685
0.2872123715
0.1783277039
0.1537199771
0.5716548108
0.8024057270
0.0330537544
0.5344498411
0.4984801190
0.9553607600
0.7482926509
