0	2.00e-06	1.33e+02
1	2.00e-06	1.33e+02
2	2.00e-06	1.33e+02
3	1.99e-06	1.33e+02
4	1.99e-06	1.33e+02
5	1.99e-06	1.33e+02
6	1.99e-06	1.33e+02
7	1.98e-06	1.33e+02
8	1.98e-06	1.33e+02
9	1.98e-06	1.33e+02
10	1.98e-06	1.33e+02
11	1.98e-06	1.33e+02
12	1.97e-06	1.33e+02
13	1.97e-06	1.33e+02
14	1.97e-06	1.33e+02
15	1.97e-06	1.33e+02
16	1.96e-06	1.33e+02
17	1.96e-06	1.33e+02
18	1.96e-06	1.33e+02
19	1.96e-06	1.33e+02
20	1.95e-06	1.33e+02
21	1.95e-06	1.33e+02
22	1.95e-06	1.33e+02
23	1.95e-06	1.33e+02
24	1.95e-06	1.33e+02
25	1.94e-06	1.33e+02
26	1.94e-06	1.33e+02
27	1.94e-06	1.33e+02
28	1.94e-06	1.33e+02
29	1.93e-06	1.33e+02
30	1.93e-06	1.33e+02
31	1.93e-06	1.32e+02
32	1.93e-06	1.32e+02
33	1.93e-06	1.32e+02
34	1.92e-06	1.32e+02
35	1.92e-06	1.32e+02
36	1.92e-06	1.32e+02
37	1.92e-06	1.32e+02
38	1.92e-06	1.32e+02
39	1.91e-06	1.32e+02
40	1.91e-06	1.32e+02
41	1.91e-06	1.32e+02
42	1.91e-06	1.32e+02
43	1.90e-06	1.32e+02
44	1.90e-06	1.32e+02
45	1.90e-06	1.32e+02
46	1.90e-06	1.32e+02
47	1.90e-06	1.32e+02
48	1.89e-06	1.32e+02
49	1.89e-06	1.32e+02
50	1.89e-06	1.32e+02
51	1.89e-06	1.32e+02
52	1.89e-06	1.32e+02
53	1.88e-06	1.32e+02
54	1.88e-06	1.32e+02
55	1.88e-06	1.32e+02
56	1.88e-06	1.32e+02
57	1.88e-06	1.32e+02
58	1.87e-06	1.32e+02
59	1.87e-06	1.32e+02
60	1.87e-06	1.32e+02
61	1.87e-06	1.32e+02
62	1.87e-06	1.32e+02
63	1.86e-06	1.32e+02
64	1.86e-06	1.32e+02
65	1.86e-06	1.32e+02
66	1.86e-06	1.32e+02
67	1.86e-06	1.32e+02
68	1.85e-06	1.32e+02
69	1.85e-06	1.32e+02
70	1.85e-06	1.32e+02
71	1.85e-06	1.32e+02
72	1.85e-06	1.32e+02
73	1.84e-06	1.32e+02
74	1.84e-06	1.32e+02
75	1.84e-06	1.32e+02
76	1.84e-06	1.32e+02
77	1.84e-06	1.32e+02
78	1.83e-06	1.32e+02
79	1.83e-06	1.32e+02
80	1.83e-06	1.32e+02
81	1.83e-06	1.32e+02
82	1.83e-06	1.32e+02
83	1.83e-06	1.32e+02
84	1.82e-06	1.32e+02
85	1.82e-06	1.32e+02
86	1.82e-06	1.32e+02
87	1.82e-06	1.32e+02
88	1.82e-06	1.32e+02
89	1.81e-06	1.32e+02
90	1.81e-06	1.32e+02
91	1.81e-06	1.32e+02
92	1.81e-06	1.32e+02
93	1.81e-06	1.32e+02
94	1.80e-06	1.32e+02
95	1.80e-06	1.32e+02
96	1.80e-06	1.32e+02
97	1.80e-06	1.32e+02
98	1.80e-06	1.32e+02
99	1.80e-06	1.32e+02
100	1.79e-06	1.32e+02
101	1.79e-06	1.32e+02
102	1.79e-06	1.32e+02
103	1.79e-06	1.32e+02
104	1.79e-06	1.32e+02
105	1.78e-06	1.32e+02
106	1.78e-06	1.32e+02
107	1.78e-06	1.32e+02
108	1.78e-06	1.32e+02
109	1.78e-06	1.32e+02
110	1.78e-06	1.32e+02
111	1.77e-06	1.32e+02
112	1.77e-06	1.32e+02
113	1.77e-06	1.32e+02
114	1.77e-06	1.32e+02
115	1.77e-06	1.32e+02
116	1.77e-06	1.32e+02
117	1.76e-06	1.32e+02
118	1.76e-06	1.32e+02
119	1.76e-06	1.32e+02
120	1.76e-06	1.32e+02
121	1.76e-06	1.32e+02
122	1.76e-06	1.32e+02
123	1.75e-06	1.32e+02
124	1.75e-06	1.32e+02
125	1.75e-06	1.32e+02
126	1.75e-06	1.32e+02
127	1.75e-06	1.32e+02
128	1.74e-06	1.32e+02
129	1.74e-06	1.32e+02
130	1.74e-06	1.32e+02
131	1.74e-06	1.32e+02
132	1.74e-06	1.32e+02
133	1.74e-06	1.32e+02
134	1.73e-06	1.32e+02
135	1.73e-06	1.32e+02
136	1.73e-06	1.32e+02
137	1.73e-06	1.32e+02
138	1.73e-06	1.32e+02
139	1.73e-06	1.32e+02
140	1.73e-06	1.32e+02
141	1.72e-06	1.32e+02
142	1.72e-06	1.32e+02
143	1.72e-06	1.32e+02
144	1.72e-06	1.32e+02
145	1.72e-06	1.32e+02
146	1.72e-06	1.32e+02
147	1.71e-06	1.32e+02
148	1.71e-06	1.32e+02
149	1.71e-06	1.32e+02
150	1.71e-06	1.32e+02
151	1.71e-06	1.32e+02
152	1.71e-06	1.32e+02
153	1.70e-06	1.32e+02
154	1.70e-06	1.32e+02
155	1.70e-06	1.32e+02
156	1.70e-06	1.32e+02
157	1.70e-06	1.32e+02
158	1.70e-06	1.32e+02
159	1.69e-06	1.32e+02
160	1.69e-06	1.32e+02
161	1.69e-06	1.32e+02
162	1.69e-06	1.32e+02
163	1.69e-06	1.32e+02
164	1.69e-06	1.32e+02
165	1.69e-06	1.32e+02
166	1.68e-06	1.32e+02
167	1.68e-06	1.32e+02
168	1.68e-06	1.32e+02
169	1.68e-06	1.32e+02
170	1.68e-06	1.32e+02
171	1.68e-06	1.32e+02
172	1.67e-06	1.32e+02
173	1.67e-06	1.32e+02
174	1.67e-06	1.32e+02
175	1.67e-06	1.32e+02
176	1.67e-06	1.32e+02
177	1.67e-06	1.32e+02
178	1.67e-06	1.32e+02
179	1.66e-06	1.32e+02
180	1.66e-06	1.32e+02
181	1.66e-06	1.32e+02
182	1.66e-06	1.32e+02
183	1.66e-06	1.32e+02
184	1.66e-06	1.32e+02
185	1.66e-06	1.32e+02
186	1.65e-06	1.31e+02
187	1.65e-06	1.31e+02
188	1.65e-06	1.31e+02
189	1.65e-06	1.31e+02
190	1.65e-06	1.31e+02
191	1.65e-06	1.31e+02
192	1.65e-06	1.31e+02
193	1.64e-06	1.31e+02
194	1.64e-06	1.31e+02
195	1.64e-06	1.31e+02
196	1.64e-06	1.31e+02
197	1.64e-06	1.31e+02
198	1.64e-06	1.31e+02
199	1.63e-06	1.31e+02
200	1.63e-06	1.31e+02
201	1.63e-06	1.31e+02
202	1.63e-06	1.31e+02
203	1.63e-06	1.31e+02
204	1.63e-06	1.31e+02
205	1.63e-06	1.31e+02
206	1.63e-06	1.31e+02
207	1.62e-06	1.31e+02
208	1.62e-06	1.31e+02
209	1.62e-06	1.31e+02
210	1.62e-06	1.31e+02
211	1.62e-06	1.31e+02
212	1.62e-06	1.31e+02
213	1.62e-06	1.31e+02
214	1.61e-06	1.31e+02
215	1.61e-06	1.31e+02
216	1.61e-06	1.31e+02
217	1.61e-06	1.31e+02
218	1.61e-06	1.31e+02
219	1.61e-06	1.31e+02
220	1.61e-06	1.31e+02
221	1.60e-06	1.31e+02
222	1.60e-06	1.31e+02
223	1.60e-06	1.31e+02
224	1.60e-06	1.31e+02
225	1.60e-06	1.31e+02
226	1.60e-06	1.31e+02
227	1.60e-06	1.31e+02
228	1.59e-06	1.31e+02
229	1.59e-06	1.31e+02
230	1.59e-06	1.31e+02
231	1.59e-06	1.31e+02
232	1.59e-06	1.31e+02
233	1.59e-06	1.31e+02
234	1.59e-06	1.31e+02
235	1.59e-06	1.31e+02
236	1.58e-06	1.31e+02
237	1.58e-06	1.31e+02
238	1.58e-06	1.31e+02
239	1.58e-06	1.31e+02
240	1.58e-06	1.31e+02
241	1.58e-06	1.31e+02
242	1.58e-06	1.31e+02
243	1.58e-06	1.31e+02
244	1.57e-06	1.31e+02
245	1.57e-06	1.31e+02
246	1.57e-06	1.31e+02
247	1.57e-06	1.31e+02
248	1.57e-06	1.31e+02
249	1.57e-06	1.31e+02
250	1.57e-06	1.31e+02
251	1.56e-06	1.31e+02
252	1.56e-06	1.31e+02
253	1.56e-06	1.31e+02
254	1.56e-06	1.31e+02
255	1.56e-06	1.31e+02
256	1.56e-06	1.31e+02
257	1.56e-06	1.31e+02
258	1.56e-06	1.31e+02
259	1.55e-06	1.31e+02
260	1.55e-06	1.31e+02
261	1.55e-06	1.31e+02
262	1.55e-06	1.31e+02
263	1.55e-06	1.31e+02
264	1.55e-06	1.31e+02
265	1.55e-06	1.31e+02
266	1.55e-06	1.31e+02
267	1.54e-06	1.31e+02
268	1.54e-06	1.31e+02
269	1.54e-06	1.31e+02
270	1.54e-06	1.31e+02
271	1.54e-06	1.31e+02
272	1.54e-06	1.31e+02
273	1.54e-06	1.31e+02
274	1.54e-06	1.31e+02
275	1.53e-06	1.31e+02
276	1.53e-06	1.31e+02
277	1.53e-06	1.31e+02
278	1.53e-06	1.31e+02
279	1.53e-06	1.31e+02
280	1.53e-06	1.31e+02
281	1.53e-06	1.31e+02
282	1.53e-06	1.31e+02
283	1.53e-06	1.31e+02
284	1.52e-06	1.31e+02
285	1.52e-06	1.31e+02
286	1.52e-06	1.31e+02
287	1.52e-06	1.31e+02
288	1.52e-06	1.31e+02
289	1.52e-06	1.31e+02
290	1.52e-06	1.31e+02
291	1.52e-06	1.31e+02
292	1.51e-06	1.31e+02
293	1.51e-06	1.31e+02
294	1.51e-06	1.31e+02
295	1.51e-06	1.31e+02
296	1.51e-06	1.31e+02
297	1.51e-06	1.31e+02
298	1.51e-06	1.31e+02
299	1.51e-06	1.31e+02
300	1.51e-06	1.31e+02
301	1.50e-06	1.31e+02
302	1.50e-06	1.31e+02
303	1.50e-06	1.31e+02
304	1.50e-06	1.31e+02
305	1.50e-06	1.31e+02
306	1.50e-06	1.31e+02
307	1.50e-06	1.31e+02
308	1.50e-06	1.31e+02
309	1.49e-06	1.31e+02
310	1.49e-06	1.31e+02
311	1.49e-06	1.31e+02
312	1.49e-06	1.31e+02
313	1.49e-06	1.31e+02
314	1.49e-06	1.31e+02
315	1.49e-06	1.31e+02
316	1.49e-06	1.31e+02
317	1.49e-06	1.31e+02
318	1.48e-06	1.31e+02
319	1.48e-06	1.31e+02
320	1.48e-06	1.31e+02
321	1.48e-06	1.31e+02
322	1.48e-06	1.31e+02
323	1.48e-06	1.31e+02
324	1.48e-06	1.31e+02
325	1.48e-06	1.31e+02
326	1.48e-06	1.31e+02
327	1.47e-06	1.31e+02
328	1.47e-06	1.31e+02
329	1.47e-06	1.31e+02
330	1.47e-06	1.31e+02
331	1.47e-06	1.31e+02
332	1.47e-06	1.31e+02
333	1.47e-06	1.31e+02
334	1.47e-06	1.31e+02
335	1.47e-06	1.31e+02
336	1.47e-06	1.31e+02
337	1.46e-06	1.31e+02
338	1.46e-06	1.31e+02
339	1.46e-06	1.31e+02
340	1.46e-06	1.31e+02
341	1.46e-06	1.31e+02
342	1.46e-06	1.31e+02
343	1.46e-06	1.31e+02
344	1.46e-06	1.31e+02
345	1.46e-06	1.31e+02
346	1.45e-06	1.31e+02
347	1.45e-06	1.31e+02
348	1.45e-06	1.31e+02
349	1.45e-06	1.31e+02
350	1.45e-06	1.31e+02
351	1.45e-06	1.31e+02
352	1.45e-06	1.31e+02
353	1.45e-06	1.31e+02
354	1.45e-06	1.30e+02
355	1.44e-06	1.30e+02
356	1.44e-06	1.30e+02
357	1.44e-06	1.30e+02
358	1.44e-06	1.30e+02
359	1.44e-06	1.30e+02
360	1.44e-06	1.30e+02
361	1.44e-06	1.30e+02
362	1.44e-06	1.30e+02
363	1.44e-06	1.30e+02
364	1.44e-06	1.30e+02
365	1.43e-06	1.30e+02
366	1.43e-06	1.30e+02
367	1.43e-06	1.30e+02
368	1.43e-06	1.30e+02
369	1.43e-06	1.30e+02
370	1.43e-06	1.30e+02
371	1.43e-06	1.30e+02
372	1.43e-06	1.30e+02
373	1.43e-06	1.30e+02
374	1.43e-06	1.30e+02
375	1.42e-06	1.30e+02
376	1.42e-06	1.30e+02
377	1.42e-06	1.30e+02
378	1.42e-06	1.30e+02
379	1.42e-06	1.30e+02
380	1.42e-06	1.30e+02
381	1.42e-06	1.30e+02
382	1.42e-06	1.30e+02
383	1.42e-06	1.30e+02
384	1.42e-06	1.30e+02
385	1.41e-06	1.30e+02
386	1.41e-06	1.30e+02
387	1.41e-06	1.30e+02
388	1.41e-06	1.30e+02
389	1.41e-06	1.30e+02
390	1.41e-06	1.30e+02
391	1.41e-06	1.30e+02
392	1.41e-06	1.30e+02
393	1.41e-06	1.30e+02
394	1.41e-06	1.30e+02
395	1.40e-06	1.30e+02
396	1.40e-06	1.30e+02
397	1.40e-06	1.30e+02
398	1.40e-06	1.30e+02
399	1.40e-06	1.30e+02
400	1.40e-06	1.30e+02
401	1.40e-06	1.30e+02
402	1.40e-06	1.30e+02
403	1.40e-06	1.30e+02
404	1.40e-06	1.30e+02
405	1.40e-06	1.30e+02
406	1.39e-06	1.30e+02
407	1.39e-06	1.30e+02
408	1.39e-06	1.30e+02
409	1.39e-06	1.30e+02
410	1.39e-06	1.30e+02
411	1.39e-06	1.30e+02
412	1.39e-06	1.30e+02
413	1.39e-06	1.30e+02
414	1.39e-06	1.30e+02
415	1.39e-06	1.30e+02
416	1.38e-06	1.30e+02
417	1.38e-06	1.30e+02
418	1.38e-06	nan
419	inf	nan
420	inf	0.00e+00
