0	5.01e-04	1.32e+02
1	3.80e-04	1.30e+02
2	3.16e-04	1.29e+02
3	2.74e-04	1.27e+02
4	2.45e-04	1.25e+02
5	2.23e-04	1.24e+02
6	2.05e-04	1.22e+02
7	1.91e-04	1.20e+02
8	1.79e-04	1.19e+02
9	1.70e-04	1.17e+02
10	1.61e-04	1.15e+02
11	1.54e-04	1.13e+02
12	1.47e-04	1.12e+02
13	1.41e-04	1.10e+02
14	1.36e-04	1.08e+02
15	1.32e-04	1.06e+02
16	1.27e-04	1.05e+02
17	1.24e-04	1.03e+02
18	1.20e-04	1.01e+02
19	1.17e-04	9.96e+01
20	1.14e-04	9.79e+01
21	1.11e-04	9.62e+01
22	1.09e-04	9.46e+01
23	1.06e-04	9.29e+01
24	1.04e-04	9.13e+01
25	1.02e-04	8.97e+01
26	1.00e-04	8.81e+01
27	9.85e-05	8.65e+01
28	9.68e-05	8.50e+01
29	9.53e-05	8.34e+01
30	9.38e-05	8.19e+01
31	9.24e-05	8.04e+01
32	9.10e-05	7.89e+01
33	8.98e-05	7.74e+01
34	8.86e-05	7.60e+01
35	8.75e-05	7.46e+01
36	8.64e-05	7.32e+01
37	8.54e-05	7.18e+01
38	8.44e-05	7.04e+01
39	8.35e-05	6.91e+01
40	8.26e-05	6.78e+01
41	8.18e-05	6.65e+01
42	8.10e-05	6.52e+01
43	8.02e-05	6.39e+01
44	7.95e-05	6.27e+01
45	7.87e-05	6.15e+01
46	7.81e-05	6.03e+01
47	7.74e-05	5.91e+01
48	7.68e-05	5.80e+01
49	7.62e-05	5.69e+01
50	7.56e-05	5.57e+01
51	7.51e-05	5.47e+01
52	7.45e-05	5.36e+01
53	7.40e-05	5.25e+01
54	7.35e-05	5.15e+01
55	7.31e-05	5.05e+01
56	7.26e-05	4.95e+01
57	7.22e-05	4.85e+01
58	7.17e-05	4.76e+01
59	7.13e-05	4.66e+01
60	7.09e-05	4.57e+01
61	7.06e-05	4.48e+01
62	7.02e-05	4.39e+01
63	6.98e-05	4.31e+01
64	6.95e-05	4.22e+01
65	6.92e-05	4.14e+01
66	6.88e-05	4.06e+01
67	6.85e-05	3.98e+01
68	6.82e-05	3.90e+01
69	6.79e-05	3.82e+01
70	6.77e-05	3.75e+01
71	6.74e-05	3.68e+01
72	6.71e-05	3.61e+01
73	6.69e-05	3.53e+01
74	6.66e-05	3.47e+01
75	6.64e-05	3.40e+01
76	6.61e-05	3.33e+01
77	6.59e-05	3.27e+01
78	6.57e-05	3.21e+01
79	6.55e-05	3.14e+01
80	6.53e-05	3.08e+01
81	6.51e-05	3.02e+01
82	6.49e-05	2.97e+01
83	6.47e-05	2.91e+01
84	6.45e-05	2.85e+01
85	6.43e-05	2.80e+01
86	6.42e-05	2.75e+01
87	6.40e-05	2.70e+01
88	6.38e-05	2.65e+01
89	6.37e-05	2.60e+01
90	6.35e-05	2.55e+01
91	6.34e-05	2.50e+01
92	6.32e-05	2.45e+01
93	6.31e-05	2.41e+01
94	6.29e-05	2.37e+01
95	6.28e-05	2.32e+01
96	6.27e-05	2.28e+01
97	6.26e-05	2.24e+01
98	6.24e-05	2.20e+01
99	6.23e-05	2.16e+01
100	6.22e-05	2.12e+01
101	6.21e-05	2.08e+01
102	6.20e-05	2.05e+01
103	6.19e-05	2.01e+01
104	6.18e-05	1.98e+01
105	6.17e-05	1.94e+01
106	6.16e-05	1.91e+01
107	6.15e-05	1.88e+01
108	6.14e-05	1.84e+01
109	6.13e-05	1.81e+01
110	6.12e-05	1.78e+01
111	6.11e-05	1.75e+01
112	6.10e-05	1.72e+01
113	6.09e-05	1.70e+01
114	6.09e-05	1.67e+01
115	6.08e-05	1.64e+01
116	6.07e-05	1.61e+01
117	6.06e-05	1.59e+01
118	6.06e-05	1.56e+01
119	6.05e-05	1.54e+01
120	6.04e-05	1.52e+01
121	6.04e-05	1.49e+01
122	6.03e-05	1.47e+01
123	6.02e-05	1.45e+01
124	6.02e-05	1.43e+01
125	6.01e-05	1.40e+01
126	6.01e-05	1.38e+01
127	6.00e-05	1.36e+01
128	5.99e-05	1.34e+01
129	5.99e-05	1.32e+01
130	5.98e-05	1.31e+01
131	5.98e-05	1.29e+01
132	5.97e-05	1.27e+01
133	5.97e-05	1.25e+01
134	5.96e-05	1.23e+01
135	5.96e-05	1.22e+01
136	5.96e-05	1.20e+01
137	5.95e-05	1.19e+01
138	5.95e-05	1.17e+01
139	5.94e-05	1.16e+01
140	5.94e-05	1.14e+01
141	5.93e-05	1.13e+01
142	5.93e-05	1.11e+01
143	5.93e-05	1.10e+01
144	5.92e-05	1.08e+01
145	5.92e-05	1.07e+01
146	5.92e-05	1.06e+01
147	5.91e-05	1.05e+01
148	5.91e-05	1.03e+01
149	5.91e-05	1.02e+01
150	5.90e-05	1.01e+01
151	5.90e-05	9.98e+00
152	5.90e-05	9.87e+00
153	5.89e-05	9.76e+00
154	5.89e-05	9.65e+00
155	5.89e-05	9.55e+00
156	5.89e-05	9.45e+00
157	5.88e-05	9.35e+00
158	5.88e-05	9.25e+00
159	5.88e-05	9.15e+00
160	5.88e-05	9.06e+00
161	5.87e-05	8.96e+00
162	5.87e-05	8.87e+00
163	5.87e-05	8.79e+00
164	5.87e-05	8.70e+00
165	5.86e-05	8.62e+00
166	5.86e-05	8.53e+00
167	5.86e-05	8.45e+00
168	5.86e-05	8.37e+00
169	5.86e-05	8.29e+00
170	5.85e-05	8.22e+00
171	5.85e-05	8.14e+00
172	5.85e-05	8.07e+00
173	5.85e-05	8.00e+00
174	5.85e-05	7.93e+00
175	5.84e-05	7.86e+00
176	5.84e-05	7.79e+00
177	5.84e-05	7.72e+00
178	5.84e-05	7.66e+00
179	5.84e-05	7.60e+00
180	5.84e-05	7.53e+00
181	5.83e-05	7.47e+00
182	5.83e-05	7.41e+00
183	5.83e-05	7.35e+00
184	5.83e-05	7.29e+00
185	5.83e-05	7.23e+00
186	5.83e-05	7.18e+00
187	5.83e-05	7.12e+00
188	5.83e-05	7.07e+00
189	5.82e-05	7.02e+00
190	5.82e-05	6.96e+00
191	5.82e-05	6.91e+00
192	5.82e-05	6.86e+00
193	5.82e-05	6.81e+00
194	5.82e-05	6.76e+00
195	5.82e-05	6.71e+00
196	5.82e-05	6.66e+00
197	5.82e-05	6.62e+00
198	5.81e-05	6.57e+00
199	5.81e-05	6.52e+00
200	5.81e-05	6.48e+00
201	5.81e-05	6.44e+00
202	5.81e-05	6.39e+00
203	5.81e-05	6.35e+00
204	5.81e-05	6.31e+00
205	5.81e-05	6.26e+00
206	5.81e-05	6.22e+00
207	5.81e-05	6.18e+00
208	5.81e-05	6.14e+00
209	5.81e-05	6.10e+00
210	5.80e-05	6.06e+00
211	5.80e-05	6.02e+00
212	5.80e-05	5.99e+00
213	5.80e-05	5.95e+00
214	5.80e-05	5.91e+00
215	5.80e-05	5.88e+00
216	5.80e-05	5.84e+00
217	5.80e-05	5.80e+00
218	5.80e-05	5.77e+00
219	5.80e-05	5.73e+00
220	5.80e-05	5.70e+00
221	5.80e-05	5.66e+00
222	5.80e-05	5.63e+00
223	5.80e-05	5.60e+00
224	5.80e-05	5.56e+00
225	5.80e-05	5.53e+00
226	5.79e-05	5.50e+00
227	5.79e-05	5.47e+00
228	5.79e-05	5.43e+00
229	5.79e-05	5.40e+00
230	5.79e-05	5.37e+00
231	5.79e-05	5.34e+00
232	5.79e-05	5.31e+00
233	5.79e-05	5.28e+00
234	5.79e-05	5.25e+00
235	5.79e-05	5.22e+00
236	5.79e-05	5.19e+00
237	5.79e-05	5.16e+00
238	5.79e-05	5.13e+00
239	5.79e-05	5.10e+00
240	5.79e-05	5.08e+00
241	5.79e-05	5.05e+00
242	5.79e-05	5.02e+00
243	5.79e-05	4.99e+00
244	5.79e-05	4.97e+00
245	5.79e-05	4.94e+00
246	5.79e-05	4.91e+00
247	5.79e-05	4.88e+00
248	5.79e-05	4.86e+00
249	5.79e-05	4.83e+00
250	5.79e-05	4.81e+00
251	5.79e-05	4.78e+00
252	5.78e-05	4.75e+00
253	5.78e-05	4.73e+00
254	5.78e-05	4.70e+00
255	5.78e-05	4.68e+00
256	5.78e-05	4.65e+00
257	5.78e-05	4.63e+00
258	5.78e-05	4.60e+00
259	5.78e-05	4.58e+00
260	5.78e-05	4.55e+00
261	5.78e-05	4.53e+00
262	5.78e-05	4.51e+00
263	5.78e-05	4.48e+00
264	5.78e-05	4.46e+00
265	5.78e-05	4.44e+00
266	5.78e-05	4.41e+00
267	5.78e-05	4.39e+00
268	5.78e-05	4.37e+00
269	5.78e-05	4.34e+00
270	5.78e-05	4.32e+00
271	5.78e-05	4.30e+00
272	5.78e-05	4.28e+00
273	5.78e-05	4.25e+00
274	5.78e-05	4.23e+00
275	5.78e-05	4.21e+00
276	5.78e-05	4.19e+00
277	5.78e-05	4.17e+00
278	5.78e-05	4.14e+00
279	5.78e-05	4.12e+00
280	5.78e-05	4.10e+00
281	5.78e-05	4.08e+00
282	5.78e-05	4.06e+00
283	5.78e-05	4.04e+00
284	5.78e-05	4.02e+00
285	5.78e-05	4.00e+00
286	5.78e-05	3.98e+00
287	5.78e-05	3.96e+00
288	5.78e-05	3.94e+00
289	5.78e-05	3.91e+00
290	5.78e-05	3.89e+00
291	5.78e-05	3.87e+00
292	5.78e-05	3.85e+00
293	5.78e-05	3.84e+00
294	5.78e-05	3.82e+00
295	5.78e-05	3.80e+00
296	5.78e-05	3.78e+00
297	5.78e-05	3.76e+00
298	5.78e-05	3.74e+00
299	5.78e-05	3.72e+00
300	5.78e-05	3.70e+00
301	5.78e-05	3.68e+00
302	5.78e-05	3.66e+00
303	5.78e-05	3.64e+00
304	5.78e-05	3.63e+00
305	5.78e-05	3.61e+00
306	5.78e-05	3.59e+00
307	5.78e-05	3.57e+00
308	5.78e-05	3.55e+00
309	5.78e-05	3.53e+00
310	5.78e-05	3.52e+00
311	5.78e-05	3.50e+00
312	5.78e-05	3.48e+00
313	5.78e-05	3.46e+00
314	5.78e-05	3.45e+00
315	5.78e-05	3.43e+00
316	5.78e-05	3.41e+00
317	5.78e-05	3.39e+00
318	5.78e-05	3.38e+00
319	5.78e-05	3.36e+00
320	5.78e-05	3.34e+00
321	5.78e-05	3.33e+00
322	5.78e-05	3.31e+00
323	5.78e-05	3.29e+00
324	5.78e-05	3.28e+00
325	5.78e-05	3.26e+00
326	5.78e-05	3.24e+00
327	5.78e-05	3.23e+00
328	5.78e-05	nan
329	inf	nan
330	inf	0.00e+00
