0	1.74e-02	1.06e+00
1	1.75e-02	5.88e-01
2	1.75e-02	4.23e-01
3	1.76e-02	3.52e-01
4	1.76e-02	3.12e-01
5	1.76e-02	2.85e-01
6	1.77e-02	2.65e-01
7	1.77e-02	2.49e-01
8	1.77e-02	2.35e-01
9	1.78e-02	2.24e-01
10	1.78e-02	2.13e-01
11	1.78e-02	2.04e-01
12	1.79e-02	1.96e-01
13	1.79e-02	1.88e-01
14	1.79e-02	1.81e-01
15	1.79e-02	1.74e-01
16	1.80e-02	1.68e-01
17	1.80e-02	1.63e-01
18	1.80e-02	1.57e-01
19	1.80e-02	1.52e-01
20	1.80e-02	1.48e-01
21	1.80e-02	1.43e-01
22	1.81e-02	1.39e-01
23	1.81e-02	1.35e-01
24	1.81e-02	1.31e-01
25	1.81e-02	1.28e-01
26	1.81e-02	1.24e-01
27	1.81e-02	1.21e-01
28	1.81e-02	1.18e-01
29	1.81e-02	1.15e-01
30	1.82e-02	1.12e-01
31	1.82e-02	1.09e-01
32	1.82e-02	1.06e-01
33	1.82e-02	1.04e-01
34	1.82e-02	1.01e-01
35	1.82e-02	9.88e-02
36	1.82e-02	9.65e-02
37	1.82e-02	9.43e-02
38	1.82e-02	9.21e-02
39	1.82e-02	9.00e-02
40	1.82e-02	8.80e-02
41	1.82e-02	8.61e-02
42	1.82e-02	8.42e-02
43	1.82e-02	8.24e-02
44	1.82e-02	8.06e-02
45	1.82e-02	7.89e-02
46	1.82e-02	7.73e-02
47	1.83e-02	7.56e-02
48	1.83e-02	7.41e-02
49	1.83e-02	7.26e-02
50	1.83e-02	7.11e-02
51	1.83e-02	6.96e-02
52	1.83e-02	6.82e-02
53	1.83e-02	6.69e-02
54	1.83e-02	6.56e-02
55	1.83e-02	6.43e-02
56	1.83e-02	6.30e-02
57	1.83e-02	6.18e-02
58	1.83e-02	6.06e-02
59	1.83e-02	5.94e-02
60	1.83e-02	5.83e-02
61	1.83e-02	5.72e-02
62	1.83e-02	5.61e-02
63	1.83e-02	5.51e-02
64	1.83e-02	5.41e-02
65	1.83e-02	5.31e-02
66	1.83e-02	5.21e-02
67	1.83e-02	5.11e-02
68	1.83e-02	5.02e-02
69	1.83e-02	4.93e-02
70	1.83e-02	4.84e-02
71	1.83e-02	4.76e-02
72	1.83e-02	4.67e-02
73	1.83e-02	4.59e-02
74	1.83e-02	4.51e-02
75	1.83e-02	4.43e-02
76	1.83e-02	4.35e-02
77	1.83e-02	4.27e-02
78	1.83e-02	4.20e-02
79	1.83e-02	4.13e-02
80	1.83e-02	4.06e-02
81	1.83e-02	3.99e-02
82	1.83e-02	3.92e-02
83	1.83e-02	3.85e-02
84	1.83e-02	3.79e-02
85	1.83e-02	3.72e-02
86	1.83e-02	3.66e-02
87	1.83e-02	3.60e-02
88	1.83e-02	3.54e-02
89	1.83e-02	3.48e-02
90	1.83e-02	3.42e-02
91	1.83e-02	3.37e-02
92	1.83e-02	3.31e-02
93	1.83e-02	3.26e-02
94	1.83e-02	3.20e-02
95	1.83e-02	3.15e-02
96	1.83e-02	3.10e-02
97	1.83e-02	3.05e-02
98	1.83e-02	3.00e-02
99	1.83e-02	2.95e-02
100	1.83e-02	2.91e-02
101	1.83e-02	2.86e-02
102	1.83e-02	2.81e-02
103	1.83e-02	2.77e-02
104	1.83e-02	2.73e-02
105	1.83e-02	2.68e-02
106	1.83e-02	2.64e-02
107	1.83e-02	2.60e-02
108	1.83e-02	2.56e-02
109	1.83e-02	2.52e-02
110	1.83e-02	2.48e-02
111	1.83e-02	2.44e-02
112	1.83e-02	2.40e-02
113	1.83e-02	2.37e-02
114	1.83e-02	2.33e-02
115	1.83e-02	2.29e-02
116	1.83e-02	2.26e-02
117	1.83e-02	2.22e-02
118	1.83e-02	2.19e-02
119	1.83e-02	2.16e-02
120	1.83e-02	2.12e-02
121	1.83e-02	2.09e-02
122	1.83e-02	2.06e-02
123	1.83e-02	2.03e-02
124	1.83e-02	2.00e-02
125	1.83e-02	1.97e-02
126	1.83e-02	1.94e-02
127	1.83e-02	1.91e-02
128	1.83e-02	1.88e-02
129	1.83e-02	1.85e-02
130	1.83e-02	1.83e-02
131	1.83e-02	1.80e-02
132	1.83e-02	1.77e-02
133	1.83e-02	1.75e-02
134	1.83e-02	1.72e-02
135	1.83e-02	1.70e-02
136	1.83e-02	1.67e-02
137	1.83e-02	1.65e-02
138	1.83e-02	1.62e-02
139	1.83e-02	1.60e-02
140	1.83e-02	1.58e-02
141	1.83e-02	1.55e-02
142	1.83e-02	1.53e-02
143	1.83e-02	1.51e-02
144	1.83e-02	1.49e-02
145	1.83e-02	1.47e-02
146	1.83e-02	1.44e-02
147	1.83e-02	1.42e-02
148	1.83e-02	1.40e-02
149	1.83e-02	1.38e-02
150	1.83e-02	1.36e-02
151	1.83e-02	1.34e-02
152	1.83e-02	1.32e-02
153	1.83e-02	1.31e-02
154	1.83e-02	1.29e-02
155	1.83e-02	1.27e-02
156	1.83e-02	1.25e-02
157	1.83e-02	1.23e-02
158	1.83e-02	1.22e-02
159	1.83e-02	1.20e-02
160	1.83e-02	1.18e-02
161	1.83e-02	1.16e-02
162	1.83e-02	1.15e-02
163	1.83e-02	1.13e-02
164	1.83e-02	1.12e-02
165	1.83e-02	1.10e-02
166	1.83e-02	1.09e-02
167	1.83e-02	1.07e-02
168	1.83e-02	1.05e-02
169	1.83e-02	1.04e-02
170	1.83e-02	1.03e-02
171	1.83e-02	1.01e-02
172	1.83e-02	9.97e-03
173	1.83e-02	9.83e-03
174	1.83e-02	9.70e-03
175	1.83e-02	9.56e-03
176	1.83e-02	9.43e-03
177	1.83e-02	9.30e-03
178	1.83e-02	9.17e-03
179	1.83e-02	9.05e-03
180	1.83e-02	8.92e-03
181	1.83e-02	8.80e-03
182	1.83e-02	8.68e-03
183	1.83e-02	8.56e-03
184	1.83e-02	8.44e-03
185	1.83e-02	8.33e-03
186	1.83e-02	8.21e-03
187	1.83e-02	8.10e-03
188	1.83e-02	7.99e-03
189	1.83e-02	7.88e-03
190	1.83e-02	7.77e-03
191	1.83e-02	7.67e-03
192	1.83e-02	7.56e-03
193	1.83e-02	7.46e-03
194	1.83e-02	7.36e-03
195	1.83e-02	7.26e-03
196	1.83e-02	7.16e-03
197	1.83e-02	7.06e-03
198	1.83e-02	6.96e-03
199	1.83e-02	6.87e-03
200	1.83e-02	6.78e-03
201	1.83e-02	6.69e-03
202	1.83e-02	6.59e-03
203	1.83e-02	6.51e-03
204	1.83e-02	6.42e-03
205	1.83e-02	6.33e-03
206	1.83e-02	6.25e-03
207	1.83e-02	6.16e-03
208	1.83e-02	6.08e-03
209	1.83e-02	6.00e-03
210	1.83e-02	5.92e-03
211	1.83e-02	5.84e-03
212	1.83e-02	5.76e-03
213	1.83e-02	5.68e-03
214	1.83e-02	5.61e-03
215	1.83e-02	5.53e-03
216	1.83e-02	5.46e-03
217	1.83e-02	5.38e-03
218	1.83e-02	5.31e-03
219	1.83e-02	5.24e-03
220	1.83e-02	5.17e-03
221	1.83e-02	5.10e-03
222	1.83e-02	5.03e-03
223	1.83e-02	4.97e-03
224	1.83e-02	4.90e-03
225	1.83e-02	4.83e-03
226	1.83e-02	4.77e-03
227	1.83e-02	4.71e-03
228	1.83e-02	4.64e-03
229	1.83e-02	4.58e-03
230	1.83e-02	4.52e-03
231	1.83e-02	4.46e-03
232	1.83e-02	4.40e-03
233	1.83e-02	4.34e-03
234	1.83e-02	4.29e-03
235	1.83e-02	4.23e-03
236	1.83e-02	4.17e-03
237	1.83e-02	4.12e-03
238	1.83e-02	4.06e-03
239	1.83e-02	4.01e-03
240	1.83e-02	3.96e-03
241	1.83e-02	3.90e-03
242	1.83e-02	3.85e-03
243	1.83e-02	3.80e-03
244	1.83e-02	3.75e-03
245	1.83e-02	3.70e-03
246	1.83e-02	3.65e-03
247	1.83e-02	3.60e-03
248	1.83e-02	3.56e-03
249	1.83e-02	3.51e-03
250	1.83e-02	3.46e-03
251	1.83e-02	3.42e-03
252	1.83e-02	3.37e-03
253	1.83e-02	3.33e-03
254	1.83e-02	3.28e-03
255	1.83e-02	3.24e-03
256	1.83e-02	3.20e-03
257	1.83e-02	3.16e-03
258	1.83e-02	3.12e-03
259	1.83e-02	3.07e-03
260	1.83e-02	3.03e-03
261	1.83e-02	2.99e-03
262	1.83e-02	2.95e-03
263	1.83e-02	2.92e-03
264	1.83e-02	2.88e-03
265	1.83e-02	2.84e-03
266	1.83e-02	2.80e-03
267	1.83e-02	2.77e-03
268	1.83e-02	2.73e-03
269	1.83e-02	2.69e-03
270	1.83e-02	2.66e-03
271	1.83e-02	2.62e-03
272	1.83e-02	2.59e-03
273	1.83e-02	2.56e-03
274	1.83e-02	2.52e-03
275	1.83e-02	2.49e-03
276	1.83e-02	2.46e-03
277	1.83e-02	2.42e-03
278	1.83e-02	2.39e-03
279	1.83e-02	2.36e-03
280	1.83e-02	2.33e-03
281	1.83e-02	2.30e-03
282	1.83e-02	2.27e-03
283	1.83e-02	2.24e-03
284	1.83e-02	2.21e-03
285	1.83e-02	2.18e-03
286	1.83e-02	2.15e-03
287	1.83e-02	2.13e-03
288	1.83e-02	2.10e-03
289	1.83e-02	2.07e-03
290	1.83e-02	2.04e-03
291	1.83e-02	2.02e-03
292	1.83e-02	1.99e-03
293	1.83e-02	1.97e-03
294	1.83e-02	1.94e-03
295	1.83e-02	1.91e-03
296	1.83e-02	1.89e-03
297	1.83e-02	1.87e-03
298	1.83e-02	1.84e-03
299	1.83e-02	1.82e-03
300	1.83e-02	1.79e-03
301	1.83e-02	1.77e-03
302	1.83e-02	1.75e-03
303	1.83e-02	1.72e-03
304	1.83e-02	1.70e-03
305	1.83e-02	1.68e-03
306	1.83e-02	1.66e-03
307	1.83e-02	1.64e-03
308	1.83e-02	1.61e-03
309	1.83e-02	1.59e-03
310	1.83e-02	1.57e-03
311	1.83e-02	1.55e-03
312	1.83e-02	1.53e-03
313	1.83e-02	1.51e-03
314	1.83e-02	1.49e-03
315	1.83e-02	1.47e-03
316	1.83e-02	1.45e-03
317	1.83e-02	1.44e-03
318	1.83e-02	1.42e-03
319	1.83e-02	1.40e-03
320	1.83e-02	1.38e-03
321	1.83e-02	1.36e-03
322	1.83e-02	1.35e-03
323	1.83e-02	1.33e-03
324	1.83e-02	1.31e-03
325	1.83e-02	1.29e-03
326	1.83e-02	1.28e-03
327	1.83e-02	1.26e-03
328	1.83e-02	1.24e-03
329	1.83e-02	1.23e-03
330	1.83e-02	1.21e-03
331	1.83e-02	1.20e-03
332	1.83e-02	1.18e-03
333	1.83e-02	1.17e-03
334	1.83e-02	1.15e-03
335	1.83e-02	1.14e-03
336	1.83e-02	1.12e-03
337	1.83e-02	1.11e-03
338	1.83e-02	1.09e-03
339	1.83e-02	1.08e-03
340	1.83e-02	1.06e-03
341	1.83e-02	1.05e-03
342	1.83e-02	1.04e-03
343	1.83e-02	1.02e-03
344	1.83e-02	1.01e-03
345	1.83e-02	9.97e-04
346	1.83e-02	9.84e-04
347	1.83e-02	9.71e-04
348	1.83e-02	9.59e-04
349	1.83e-02	9.46e-04
350	1.83e-02	9.34e-04
351	1.83e-02	9.22e-04
352	1.83e-02	9.10e-04
353	1.83e-02	8.98e-04
354	1.83e-02	8.87e-04
355	1.83e-02	8.75e-04
356	1.83e-02	8.64e-04
357	1.83e-02	8.53e-04
358	1.83e-02	8.42e-04
359	1.83e-02	8.31e-04
360	1.83e-02	8.20e-04
361	1.83e-02	8.10e-04
362	1.83e-02	7.99e-04
363	1.83e-02	7.89e-04
364	1.83e-02	7.79e-04
365	1.83e-02	7.68e-04
366	1.83e-02	7.59e-04
367	1.83e-02	7.49e-04
368	1.83e-02	7.39e-04
369	1.83e-02	7.30e-04
370	1.83e-02	7.20e-04
371	1.83e-02	7.11e-04
372	1.83e-02	7.02e-04
373	1.83e-02	6.93e-04
374	1.83e-02	6.84e-04
375	1.83e-02	6.75e-04
376	1.83e-02	6.66e-04
377	1.83e-02	6.58e-04
378	1.83e-02	6.49e-04
379	1.83e-02	6.41e-04
380	1.83e-02	6.32e-04
381	1.83e-02	6.24e-04
382	1.83e-02	6.16e-04
383	1.83e-02	6.08e-04
384	1.83e-02	6.00e-04
385	1.83e-02	5.93e-04
386	1.83e-02	5.85e-04
387	1.83e-02	5.78e-04
388	1.83e-02	5.70e-04
389	1.83e-02	5.63e-04
390	1.83e-02	5.55e-04
391	1.83e-02	5.48e-04
392	1.83e-02	5.41e-04
393	1.83e-02	5.34e-04
394	1.83e-02	5.27e-04
395	1.83e-02	5.21e-04
396	1.83e-02	5.14e-04
397	1.83e-02	5.07e-04
398	1.83e-02	5.01e-04
399	1.83e-02	4.94e-04
400	1.83e-02	4.88e-04
401	1.83e-02	4.82e-04
402	1.83e-02	4.75e-04
403	1.83e-02	4.69e-04
404	1.83e-02	4.63e-04
405	1.83e-02	4.57e-04
406	1.83e-02	4.51e-04
407	1.83e-02	4.46e-04
408	1.83e-02	4.40e-04
409	1.83e-02	4.34e-04
410	1.83e-02	4.29e-04
411	1.83e-02	4.23e-04
412	1.83e-02	4.18e-04
413	1.83e-02	4.12e-04
414	1.83e-02	4.07e-04
415	1.83e-02	4.02e-04
416	1.83e-02	3.96e-04
417	1.83e-02	3.91e-04
418	1.83e-02	3.86e-04
419	1.83e-02	3.81e-04
420	1.83e-02	3.76e-04
421	1.83e-02	3.72e-04
422	1.83e-02	3.67e-04
423	1.83e-02	3.62e-04
424	1.83e-02	3.57e-04
425	1.83e-02	3.53e-04
426	1.83e-02	3.48e-04
427	1.83e-02	3.44e-04
428	1.83e-02	3.39e-04
429	1.83e-02	3.35e-04
430	1.83e-02	3.31e-04
431	1.83e-02	3.26e-04
432	1.83e-02	3.22e-04
433	1.83e-02	3.18e-04
434	1.83e-02	3.14e-04
435	1.83e-02	3.10e-04
436	1.83e-02	3.06e-04
437	1.83e-02	3.02e-04
438	1.83e-02	2.98e-04
439	1.83e-02	2.94e-04
440	1.83e-02	2.90e-04
441	1.83e-02	2.87e-04
442	1.83e-02	2.83e-04
443	1.83e-02	2.79e-04
444	1.83e-02	2.76e-04
445	1.83e-02	2.72e-04
446	1.83e-02	2.69e-04
447	1.83e-02	2.65e-04
448	1.83e-02	2.62e-04
449	1.83e-02	2.58e-04
450	1.83e-02	2.55e-04
451	1.83e-02	2.52e-04
452	1.83e-02	2.49e-04
453	1.83e-02	2.45e-04
454	1.83e-02	2.42e-04
455	1.83e-02	2.39e-04
456	1.83e-02	2.36e-04
457	1.83e-02	2.33e-04
458	1.83e-02	2.30e-04
459	1.83e-02	2.27e-04
460	1.83e-02	2.24e-04
461	1.83e-02	2.21e-04
462	1.83e-02	2.18e-04
463	1.83e-02	2.16e-04
464	1.83e-02	2.13e-04
465	1.83e-02	2.10e-04
466	1.83e-02	2.07e-04
467	1.83e-02	2.05e-04
468	1.83e-02	2.02e-04
469	1.83e-02	1.99e-04
470	1.83e-02	1.97e-04
471	1.83e-02	1.94e-04
472	1.83e-02	1.92e-04
473	1.83e-02	1.89e-04
474	1.83e-02	1.87e-04
475	1.83e-02	1.85e-04
476	1.83e-02	1.82e-04
477	1.83e-02	1.80e-04
478	1.83e-02	1.78e-04
479	1.83e-02	1.75e-04
480	1.83e-02	1.73e-04
481	1.83e-02	1.71e-04
482	1.83e-02	1.69e-04
483	1.83e-02	1.66e-04
484	1.83e-02	1.64e-04
485	1.83e-02	1.62e-04
486	1.83e-02	1.60e-04
487	1.83e-02	1.58e-04
488	1.83e-02	1.56e-04
489	1.83e-02	1.54e-04
490	1.83e-02	1.52e-04
491	1.83e-02	1.50e-04
492	1.83e-02	1.48e-04
493	1.83e-02	1.46e-04
494	1.83e-02	1.44e-04
495	1.83e-02	1.42e-04
496	1.83e-02	1.41e-04
497	1.83e-02	1.39e-04
498	1.83e-02	1.37e-04
499	1.83e-02	1.35e-04
500	1.83e-02	1.34e-04
501	1.83e-02	1.32e-04
502	1.83e-02	1.30e-04
503	1.83e-02	1.28e-04
504	1.83e-02	1.27e-04
505	1.83e-02	1.25e-04
506	1.83e-02	1.24e-04
507	1.83e-02	1.22e-04
508	1.83e-02	1.20e-04
509	1.83e-02	1.19e-04
510	1.83e-02	1.17e-04
511	1.83e-02	1.16e-04
512	1.83e-02	1.14e-04
513	1.83e-02	1.13e-04
514	1.83e-02	1.11e-04
515	1.83e-02	1.10e-04
516	1.83e-02	1.09e-04
517	1.83e-02	1.07e-04
518	1.83e-02	1.06e-04
519	1.83e-02	1.04e-04
520	1.83e-02	1.03e-04
521	1.83e-02	1.02e-04
522	1.83e-02	1.00e-04
523	1.83e-02	9.91e-05
524	1.83e-02	9.79e-05
525	1.83e-02	9.66e-05
526	1.83e-02	9.54e-05
527	1.83e-02	9.41e-05
528	1.83e-02	9.29e-05
529	1.83e-02	9.17e-05
530	1.83e-02	9.06e-05
531	1.83e-02	8.94e-05
532	1.83e-02	8.82e-05
533	1.83e-02	8.71e-05
534	1.83e-02	8.60e-05
535	1.83e-02	8.49e-05
536	1.83e-02	8.38e-05
537	1.83e-02	8.27e-05
538	1.83e-02	8.16e-05
539	1.83e-02	8.06e-05
540	1.83e-02	7.96e-05
541	1.83e-02	7.85e-05
542	1.83e-02	7.75e-05
543	1.83e-02	7.65e-05
544	1.83e-02	7.55e-05
545	1.83e-02	7.46e-05
546	1.83e-02	7.36e-05
547	1.83e-02	7.27e-05
548	1.83e-02	7.17e-05
549	1.83e-02	7.08e-05
550	1.83e-02	6.99e-05
551	1.83e-02	6.90e-05
552	1.83e-02	6.81e-05
553	1.83e-02	6.72e-05
554	1.83e-02	6.64e-05
555	1.83e-02	6.55e-05
556	1.83e-02	6.47e-05
557	1.83e-02	6.38e-05
558	1.83e-02	6.30e-05
559	1.83e-02	6.22e-05
560	1.83e-02	6.14e-05
561	1.83e-02	6.06e-05
562	1.83e-02	5.98e-05
563	1.83e-02	5.91e-05
564	1.83e-02	5.83e-05
565	1.83e-02	5.76e-05
566	1.83e-02	5.68e-05
567	1.83e-02	5.61e-05
568	1.83e-02	5.54e-05
569	1.83e-02	5.47e-05
570	1.83e-02	5.40e-05
571	1.83e-02	5.33e-05
572	1.83e-02	5.26e-05
573	1.83e-02	5.19e-05
574	1.83e-02	5.12e-05
575	1.83e-02	5.06e-05
576	1.83e-02	4.99e-05
577	1.83e-02	4.93e-05
578	1.83e-02	4.87e-05
579	1.83e-02	4.80e-05
580	1.83e-02	4.74e-05
581	1.83e-02	4.68e-05
582	1.83e-02	4.62e-05
583	1.83e-02	4.56e-05
584	1.83e-02	4.50e-05
585	1.83e-02	4.44e-05
586	1.83e-02	4.39e-05
587	1.83e-02	4.33e-05
588	1.83e-02	4.27e-05
589	1.83e-02	4.22e-05
590	1.83e-02	4.17e-05
591	1.83e-02	4.11e-05
592	1.83e-02	4.06e-05
593	1.83e-02	4.01e-05
594	1.83e-02	3.96e-05
595	1.83e-02	3.90e-05
596	1.83e-02	3.85e-05
597	1.83e-02	3.80e-05
598	1.83e-02	3.76e-05
599	1.83e-02	3.71e-05
600	1.83e-02	3.66e-05
601	1.83e-02	3.61e-05
602	1.83e-02	3.57e-05
603	1.83e-02	3.52e-05
604	1.83e-02	3.48e-05
605	1.83e-02	3.43e-05
606	1.83e-02	3.39e-05
607	1.83e-02	3.34e-05
608	1.83e-02	3.30e-05
609	1.83e-02	3.26e-05
610	1.83e-02	3.22e-05
611	1.83e-02	3.17e-05
612	1.83e-02	3.13e-05
613	1.83e-02	3.09e-05
614	1.83e-02	3.05e-05
615	1.83e-02	3.01e-05
616	1.83e-02	2.98e-05
617	1.83e-02	2.94e-05
618	1.83e-02	2.90e-05
619	1.83e-02	2.86e-05
620	1.83e-02	2.83e-05
621	1.83e-02	2.79e-05
622	1.83e-02	2.75e-05
623	1.83e-02	2.72e-05
624	1.83e-02	2.68e-05
625	1.83e-02	2.65e-05
626	1.83e-02	2.61e-05
627	1.83e-02	2.58e-05
628	1.83e-02	2.55e-05
629	1.83e-02	2.51e-05
630	1.83e-02	2.48e-05
631	1.83e-02	2.45e-05
632	1.83e-02	2.42e-05
633	1.83e-02	2.39e-05
634	1.83e-02	2.36e-05
635	1.83e-02	2.33e-05
636	1.83e-02	2.30e-05
637	1.83e-02	2.27e-05
638	1.83e-02	2.24e-05
639	1.83e-02	2.21e-05
640	1.83e-02	2.18e-05
641	1.83e-02	2.15e-05
642	1.83e-02	2.13e-05
643	1.83e-02	2.10e-05
644	1.83e-02	2.07e-05
645	1.83e-02	2.04e-05
646	1.83e-02	2.02e-05
647	1.83e-02	1.99e-05
648	1.83e-02	1.97e-05
649	1.83e-02	1.94e-05
650	1.83e-02	1.92e-05
651	1.83e-02	1.89e-05
652	1.83e-02	1.87e-05
653	1.83e-02	1.84e-05
654	1.83e-02	1.82e-05
655	1.83e-02	1.80e-05
656	1.83e-02	1.77e-05
657	1.83e-02	1.75e-05
658	1.83e-02	1.73e-05
659	1.83e-02	1.71e-05
660	1.83e-02	1.68e-05
661	1.83e-02	1.66e-05
662	1.83e-02	1.64e-05
663	1.83e-02	1.62e-05
664	1.83e-02	1.60e-05
665	1.83e-02	1.58e-05
666	1.83e-02	1.56e-05
667	1.83e-02	1.54e-05
668	1.83e-02	1.52e-05
669	1.83e-02	1.50e-05
670	1.83e-02	1.48e-05
671	1.83e-02	1.46e-05
672	1.83e-02	1.44e-05
673	1.83e-02	1.42e-05
674	1.83e-02	1.40e-05
675	1.83e-02	1.39e-05
676	1.83e-02	1.37e-05
677	1.83e-02	1.35e-05
678	1.83e-02	1.33e-05
679	1.83e-02	1.32e-05
680	1.83e-02	1.30e-05
681	1.83e-02	1.28e-05
682	1.83e-02	1.27e-05
683	1.83e-02	1.25e-05
684	1.83e-02	1.23e-05
685	1.83e-02	1.22e-05
686	1.83e-02	1.20e-05
687	1.83e-02	1.19e-05
688	1.83e-02	1.17e-05
689	1.83e-02	1.16e-05
690	1.83e-02	1.14e-05
691	1.83e-02	1.13e-05
692	1.83e-02	1.11e-05
693	1.83e-02	1.10e-05
694	1.83e-02	1.08e-05
695	1.83e-02	1.07e-05
696	1.83e-02	1.06e-05
697	1.83e-02	1.04e-05
698	1.83e-02	1.03e-05
699	1.83e-02	1.02e-05
700	1.83e-02	1.00e-05
701	1.83e-02	9.90e-06
