0	4.30e-03	2.91e+00
1	4.30e-03	1.52e+00
2	4.31e-03	1.00e+00
3	4.31e-03	7.67e-01
4	4.31e-03	6.42e-01
5	4.32e-03	5.63e-01
6	4.32e-03	5.08e-01
7	4.32e-03	4.68e-01
8	4.32e-03	4.37e-01
9	4.33e-03	4.14e-01
10	4.33e-03	3.95e-01
11	4.33e-03	3.80e-01
12	4.33e-03	3.68e-01
13	4.34e-03	3.58e-01
14	4.34e-03	3.49e-01
15	4.34e-03	3.42e-01
16	4.34e-03	3.36e-01
17	4.34e-03	3.30e-01
18	4.35e-03	3.25e-01
19	4.35e-03	3.20e-01
20	4.35e-03	3.16e-01
21	4.35e-03	3.12e-01
22	4.36e-03	3.08e-01
23	4.36e-03	3.05e-01
24	4.36e-03	3.01e-01
25	4.36e-03	2.98e-01
26	4.36e-03	2.94e-01
27	4.37e-03	2.91e-01
28	4.37e-03	2.88e-01
29	4.37e-03	2.85e-01
30	4.37e-03	2.82e-01
31	4.37e-03	2.79e-01
32	4.38e-03	2.76e-01
33	4.38e-03	2.73e-01
34	4.38e-03	2.70e-01
35	4.38e-03	2.67e-01
36	4.38e-03	2.64e-01
37	4.38e-03	2.62e-01
38	4.39e-03	2.59e-01
39	4.39e-03	2.56e-01
40	4.39e-03	2.54e-01
41	4.39e-03	2.51e-01
42	4.39e-03	2.49e-01
43	4.39e-03	2.46e-01
44	4.40e-03	2.44e-01
45	4.40e-03	2.41e-01
46	4.40e-03	2.39e-01
47	4.40e-03	2.36e-01
48	4.40e-03	2.34e-01
49	4.40e-03	2.32e-01
50	4.41e-03	2.30e-01
51	4.41e-03	2.27e-01
52	4.41e-03	2.25e-01
53	4.41e-03	2.23e-01
54	4.41e-03	2.21e-01
55	4.41e-03	2.19e-01
56	4.41e-03	2.17e-01
57	4.42e-03	2.15e-01
58	4.42e-03	2.13e-01
59	4.42e-03	2.11e-01
60	4.42e-03	2.09e-01
61	4.42e-03	2.07e-01
62	4.42e-03	2.05e-01
63	4.42e-03	2.03e-01
64	4.43e-03	2.01e-01
65	4.43e-03	2.00e-01
66	4.43e-03	1.98e-01
67	4.43e-03	1.96e-01
68	4.43e-03	1.94e-01
69	4.43e-03	1.93e-01
70	4.43e-03	1.91e-01
71	4.44e-03	1.89e-01
72	4.44e-03	1.88e-01
73	4.44e-03	1.86e-01
74	4.44e-03	1.85e-01
75	4.44e-03	1.83e-01
76	4.44e-03	1.81e-01
77	4.44e-03	1.80e-01
78	4.44e-03	1.78e-01
79	4.44e-03	1.77e-01
80	4.45e-03	1.76e-01
81	4.45e-03	1.74e-01
82	4.45e-03	1.73e-01
83	4.45e-03	1.71e-01
84	4.45e-03	1.70e-01
85	4.45e-03	1.69e-01
86	4.45e-03	1.67e-01
87	4.45e-03	1.66e-01
88	4.45e-03	1.65e-01
89	4.46e-03	1.63e-01
90	4.46e-03	1.62e-01
91	4.46e-03	1.61e-01
92	4.46e-03	1.60e-01
93	4.46e-03	1.58e-01
94	4.46e-03	1.57e-01
95	4.46e-03	1.56e-01
96	4.46e-03	1.55e-01
97	4.46e-03	1.54e-01
98	4.46e-03	1.52e-01
99	4.47e-03	1.51e-01
100	4.47e-03	1.50e-01
101	4.47e-03	1.49e-01
102	4.47e-03	1.48e-01
103	4.47e-03	1.47e-01
104	4.47e-03	1.46e-01
105	4.47e-03	1.45e-01
106	4.47e-03	1.44e-01
107	4.47e-03	1.43e-01
108	4.47e-03	1.42e-01
109	4.47e-03	1.41e-01
110	4.48e-03	1.40e-01
111	4.48e-03	1.39e-01
112	4.48e-03	1.38e-01
113	4.48e-03	1.37e-01
114	4.48e-03	1.36e-01
115	4.48e-03	1.35e-01
116	4.48e-03	1.34e-01
117	4.48e-03	1.33e-01
118	4.48e-03	1.32e-01
119	4.48e-03	1.31e-01
120	4.48e-03	1.30e-01
121	4.48e-03	1.29e-01
122	4.48e-03	1.28e-01
123	4.49e-03	1.28e-01
124	4.49e-03	1.27e-01
125	4.49e-03	1.26e-01
126	4.49e-03	1.25e-01
127	4.49e-03	1.24e-01
128	4.49e-03	1.23e-01
129	4.49e-03	1.23e-01
130	4.49e-03	1.22e-01
131	4.49e-03	1.21e-01
132	4.49e-03	1.20e-01
133	4.49e-03	1.19e-01
134	4.49e-03	1.19e-01
135	4.49e-03	1.18e-01
136	4.49e-03	1.17e-01
137	4.49e-03	1.16e-01
138	4.49e-03	1.16e-01
139	4.50e-03	1.15e-01
140	4.50e-03	1.14e-01
141	4.50e-03	1.13e-01
142	4.50e-03	1.13e-01
143	4.50e-03	1.12e-01
144	4.50e-03	1.11e-01
145	4.50e-03	1.11e-01
146	4.50e-03	1.10e-01
147	4.50e-03	1.09e-01
148	4.50e-03	1.09e-01
149	4.50e-03	1.08e-01
150	4.50e-03	1.07e-01
151	4.50e-03	1.07e-01
152	4.50e-03	1.06e-01
153	4.50e-03	1.05e-01
154	4.50e-03	1.05e-01
155	4.50e-03	1.04e-01
156	4.50e-03	1.03e-01
157	4.50e-03	1.03e-01
158	4.51e-03	1.02e-01
159	4.51e-03	1.02e-01
160	4.51e-03	1.01e-01
161	4.51e-03	1.00e-01
162	4.51e-03	9.99e-02
163	4.51e-03	9.93e-02
164	4.51e-03	9.87e-02
165	4.51e-03	9.81e-02
166	4.51e-03	9.75e-02
167	4.51e-03	9.70e-02
168	4.51e-03	9.64e-02
169	4.51e-03	9.58e-02
170	4.51e-03	9.53e-02
171	4.51e-03	9.47e-02
172	4.51e-03	9.42e-02
173	4.51e-03	9.37e-02
174	4.51e-03	9.31e-02
175	4.51e-03	9.26e-02
176	4.51e-03	9.21e-02
177	4.51e-03	9.16e-02
178	4.51e-03	9.10e-02
179	4.51e-03	9.05e-02
180	4.51e-03	9.00e-02
181	4.51e-03	8.95e-02
182	4.51e-03	8.90e-02
183	4.52e-03	8.85e-02
184	4.52e-03	8.80e-02
185	4.52e-03	8.75e-02
186	4.52e-03	8.71e-02
187	4.52e-03	8.66e-02
188	4.52e-03	8.61e-02
189	4.52e-03	8.56e-02
190	4.52e-03	8.52e-02
191	4.52e-03	8.47e-02
192	4.52e-03	8.42e-02
193	4.52e-03	8.38e-02
194	4.52e-03	8.33e-02
195	4.52e-03	8.29e-02
196	4.52e-03	8.24e-02
197	4.52e-03	8.20e-02
198	4.52e-03	8.15e-02
199	4.52e-03	8.11e-02
200	4.52e-03	8.07e-02
201	4.52e-03	8.02e-02
202	4.52e-03	7.98e-02
203	4.52e-03	7.94e-02
204	4.52e-03	7.89e-02
205	4.52e-03	7.85e-02
206	4.52e-03	7.81e-02
207	4.52e-03	7.77e-02
208	4.52e-03	7.73e-02
209	4.52e-03	7.69e-02
210	4.52e-03	7.65e-02
211	4.52e-03	7.61e-02
212	4.52e-03	7.57e-02
213	4.52e-03	7.53e-02
214	4.52e-03	7.49e-02
215	4.52e-03	7.45e-02
216	4.52e-03	7.41e-02
217	4.52e-03	7.37e-02
218	4.53e-03	7.33e-02
219	4.53e-03	7.30e-02
220	4.53e-03	7.26e-02
221	4.53e-03	7.22e-02
222	4.53e-03	7.18e-02
223	4.53e-03	7.15e-02
224	4.53e-03	7.11e-02
225	4.53e-03	7.07e-02
226	4.53e-03	7.04e-02
227	4.53e-03	7.00e-02
228	4.53e-03	6.97e-02
229	4.53e-03	6.93e-02
230	4.53e-03	6.90e-02
231	4.53e-03	6.86e-02
232	4.53e-03	6.83e-02
233	4.53e-03	6.79e-02
234	4.53e-03	6.76e-02
235	4.53e-03	6.72e-02
236	4.53e-03	6.69e-02
237	4.53e-03	6.66e-02
238	4.53e-03	6.62e-02
239	4.53e-03	6.59e-02
240	4.53e-03	6.56e-02
241	4.53e-03	6.53e-02
242	4.53e-03	6.49e-02
243	4.53e-03	6.46e-02
244	4.53e-03	6.43e-02
245	4.53e-03	6.40e-02
246	4.53e-03	6.37e-02
247	4.53e-03	6.33e-02
248	4.53e-03	6.30e-02
249	4.53e-03	6.27e-02
250	4.53e-03	6.24e-02
251	4.53e-03	6.21e-02
252	4.53e-03	6.18e-02
253	4.53e-03	6.15e-02
254	4.53e-03	6.12e-02
255	4.53e-03	6.09e-02
256	4.53e-03	6.06e-02
257	4.53e-03	6.03e-02
258	4.53e-03	6.00e-02
259	4.53e-03	5.97e-02
260	4.53e-03	5.94e-02
261	4.53e-03	5.92e-02
262	4.53e-03	5.89e-02
263	4.53e-03	5.86e-02
264	4.53e-03	5.83e-02
265	4.53e-03	5.80e-02
266	4.53e-03	5.77e-02
267	4.53e-03	5.75e-02
268	4.53e-03	5.72e-02
269	4.53e-03	5.69e-02
270	4.53e-03	5.66e-02
271	4.53e-03	5.64e-02
272	4.53e-03	5.61e-02
273	4.54e-03	5.58e-02
274	4.54e-03	5.56e-02
275	4.54e-03	5.53e-02
276	4.54e-03	5.51e-02
277	4.54e-03	5.48e-02
278	4.54e-03	5.45e-02
279	4.54e-03	5.43e-02
280	4.54e-03	5.40e-02
281	4.54e-03	5.38e-02
282	4.54e-03	5.35e-02
283	4.54e-03	5.33e-02
284	4.54e-03	5.30e-02
285	4.54e-03	5.28e-02
286	4.54e-03	5.25e-02
287	4.54e-03	5.23e-02
288	4.54e-03	5.20e-02
289	4.54e-03	5.18e-02
290	4.54e-03	5.15e-02
291	4.54e-03	5.13e-02
292	4.54e-03	5.11e-02
293	4.54e-03	5.08e-02
294	4.54e-03	5.06e-02
295	4.54e-03	5.03e-02
296	4.54e-03	5.01e-02
297	4.54e-03	4.99e-02
298	4.54e-03	4.97e-02
299	4.54e-03	4.94e-02
300	4.54e-03	4.92e-02
301	4.54e-03	4.90e-02
302	4.54e-03	4.87e-02
303	4.54e-03	4.85e-02
304	4.54e-03	4.83e-02
305	4.54e-03	4.81e-02
306	4.54e-03	4.79e-02
307	4.54e-03	4.76e-02
308	4.54e-03	4.74e-02
309	4.54e-03	4.72e-02
310	4.54e-03	4.70e-02
311	4.54e-03	4.68e-02
312	4.54e-03	4.66e-02
313	4.54e-03	4.63e-02
314	4.54e-03	4.61e-02
315	4.54e-03	4.59e-02
316	4.54e-03	4.57e-02
317	4.54e-03	4.55e-02
318	4.54e-03	4.53e-02
319	4.54e-03	4.51e-02
320	4.54e-03	4.49e-02
321	4.54e-03	4.47e-02
322	4.54e-03	4.45e-02
323	4.54e-03	4.43e-02
324	4.54e-03	4.41e-02
325	4.54e-03	4.39e-02
326	4.54e-03	4.37e-02
327	4.54e-03	4.35e-02
328	4.54e-03	4.33e-02
329	4.54e-03	4.31e-02
330	4.54e-03	4.29e-02
331	4.54e-03	4.27e-02
332	4.54e-03	4.25e-02
333	4.54e-03	4.23e-02
334	4.54e-03	4.21e-02
335	4.54e-03	4.20e-02
336	4.54e-03	4.18e-02
337	4.54e-03	4.16e-02
338	4.54e-03	4.14e-02
339	4.54e-03	4.12e-02
340	4.54e-03	4.10e-02
341	4.54e-03	4.08e-02
342	4.54e-03	4.07e-02
343	4.54e-03	4.05e-02
344	4.54e-03	4.03e-02
345	4.54e-03	4.01e-02
346	4.54e-03	3.99e-02
347	4.54e-03	3.98e-02
348	4.54e-03	3.96e-02
349	4.54e-03	3.94e-02
350	4.54e-03	3.92e-02
351	4.54e-03	3.91e-02
352	4.54e-03	3.89e-02
353	4.54e-03	3.87e-02
354	4.54e-03	3.86e-02
355	4.54e-03	3.84e-02
356	4.54e-03	3.82e-02
357	4.54e-03	3.80e-02
358	4.54e-03	3.79e-02
359	4.54e-03	3.77e-02
360	4.54e-03	3.76e-02
361	4.54e-03	3.74e-02
362	4.54e-03	3.72e-02
363	4.54e-03	3.71e-02
364	4.54e-03	3.69e-02
365	4.54e-03	3.67e-02
366	4.54e-03	3.66e-02
367	4.54e-03	3.64e-02
368	4.54e-03	3.63e-02
369	4.54e-03	3.61e-02
370	4.54e-03	3.59e-02
371	4.54e-03	3.58e-02
372	4.54e-03	3.56e-02
373	4.54e-03	3.55e-02
374	4.54e-03	3.53e-02
375	4.54e-03	3.52e-02
376	4.54e-03	3.50e-02
377	4.54e-03	3.49e-02
378	4.54e-03	3.47e-02
379	4.54e-03	3.46e-02
380	4.54e-03	3.44e-02
381	4.55e-03	3.43e-02
382	4.55e-03	3.41e-02
383	4.55e-03	3.40e-02
384	4.55e-03	3.38e-02
385	4.55e-03	3.37e-02
386	4.55e-03	3.35e-02
387	4.55e-03	3.34e-02
388	4.55e-03	3.32e-02
389	4.55e-03	3.31e-02
390	4.55e-03	3.29e-02
391	4.55e-03	3.28e-02
392	4.55e-03	3.27e-02
393	4.55e-03	3.25e-02
394	4.55e-03	3.24e-02
395	4.55e-03	3.22e-02
396	4.55e-03	3.21e-02
397	4.55e-03	3.20e-02
398	4.55e-03	3.18e-02
399	4.55e-03	3.17e-02
400	4.55e-03	3.16e-02
401	4.55e-03	3.14e-02
402	4.55e-03	3.13e-02
403	4.55e-03	3.12e-02
404	4.55e-03	3.10e-02
405	4.55e-03	3.09e-02
406	4.55e-03	3.08e-02
407	4.55e-03	3.06e-02
408	4.55e-03	3.05e-02
409	4.55e-03	3.04e-02
410	4.55e-03	3.02e-02
411	4.55e-03	3.01e-02
412	4.55e-03	3.00e-02
413	4.55e-03	2.98e-02
414	4.55e-03	2.97e-02
415	4.55e-03	2.96e-02
416	4.55e-03	2.95e-02
417	4.55e-03	2.93e-02
418	4.55e-03	2.92e-02
419	4.55e-03	2.91e-02
420	4.55e-03	2.90e-02
421	4.55e-03	2.88e-02
422	4.55e-03	2.87e-02
423	4.55e-03	2.86e-02
424	4.55e-03	2.85e-02
425	4.55e-03	2.84e-02
426	4.55e-03	2.82e-02
427	4.55e-03	2.81e-02
428	4.55e-03	2.80e-02
429	4.55e-03	2.79e-02
430	4.55e-03	2.78e-02
431	4.55e-03	2.76e-02
432	4.55e-03	2.75e-02
433	4.55e-03	2.74e-02
434	4.55e-03	2.73e-02
435	4.55e-03	2.72e-02
436	4.55e-03	2.71e-02
437	4.55e-03	2.70e-02
438	4.55e-03	2.68e-02
439	4.55e-03	2.67e-02
440	4.55e-03	2.66e-02
441	4.55e-03	2.65e-02
442	4.55e-03	2.64e-02
443	4.55e-03	2.63e-02
444	4.55e-03	2.62e-02
445	4.55e-03	2.61e-02
446	4.55e-03	2.59e-02
447	4.55e-03	2.58e-02
448	4.55e-03	2.57e-02
449	4.55e-03	2.56e-02
450	4.55e-03	2.55e-02
451	4.55e-03	2.54e-02
452	4.55e-03	2.53e-02
453	4.55e-03	2.52e-02
454	4.55e-03	2.51e-02
455	4.55e-03	2.50e-02
456	4.55e-03	2.49e-02
457	4.55e-03	2.48e-02
458	4.55e-03	2.47e-02
459	4.55e-03	2.46e-02
460	4.55e-03	2.45e-02
461	4.55e-03	2.44e-02
462	4.55e-03	2.43e-02
463	4.55e-03	2.42e-02
464	4.55e-03	2.41e-02
465	4.55e-03	2.40e-02
466	4.55e-03	2.39e-02
467	4.55e-03	2.38e-02
468	4.55e-03	2.37e-02
469	4.55e-03	2.36e-02
470	4.55e-03	2.35e-02
471	4.55e-03	2.34e-02
472	4.55e-03	2.33e-02
473	4.55e-03	2.32e-02
474	4.55e-03	2.31e-02
475	4.55e-03	2.30e-02
476	4.55e-03	2.29e-02
477	4.55e-03	2.28e-02
478	4.55e-03	2.27e-02
479	4.55e-03	2.26e-02
480	4.55e-03	2.25e-02
481	4.55e-03	2.24e-02
482	4.55e-03	2.23e-02
483	4.55e-03	2.22e-02
484	4.55e-03	2.21e-02
485	4.55e-03	2.20e-02
486	4.55e-03	2.19e-02
487	4.55e-03	2.18e-02
488	4.55e-03	2.18e-02
489	4.55e-03	2.17e-02
490	4.55e-03	2.16e-02
491	4.55e-03	2.15e-02
492	4.55e-03	2.14e-02
493	4.55e-03	2.13e-02
494	4.55e-03	2.12e-02
495	4.55e-03	2.11e-02
496	4.55e-03	2.10e-02
497	4.55e-03	2.09e-02
498	4.55e-03	2.09e-02
499	4.55e-03	2.08e-02
500	4.55e-03	2.07e-02
501	4.55e-03	2.06e-02
502	4.55e-03	2.05e-02
503	4.55e-03	2.04e-02
504	4.55e-03	2.03e-02
505	4.55e-03	2.03e-02
506	4.55e-03	2.02e-02
507	4.55e-03	2.01e-02
508	4.55e-03	2.00e-02
509	4.55e-03	1.99e-02
510	4.55e-03	1.98e-02
511	4.55e-03	1.98e-02
512	4.55e-03	1.97e-02
513	4.55e-03	1.96e-02
514	4.55e-03	1.95e-02
515	4.55e-03	1.94e-02
516	4.55e-03	1.94e-02
517	4.55e-03	1.93e-02
518	4.55e-03	1.92e-02
519	4.55e-03	1.91e-02
520	4.55e-03	1.90e-02
521	4.55e-03	1.90e-02
522	4.55e-03	1.89e-02
523	4.55e-03	1.88e-02
524	4.55e-03	1.87e-02
525	4.55e-03	1.86e-02
526	4.55e-03	1.86e-02
527	4.55e-03	1.85e-02
528	4.55e-03	1.84e-02
529	4.55e-03	1.83e-02
530	4.55e-03	1.83e-02
531	4.55e-03	1.82e-02
532	4.55e-03	1.81e-02
533	4.55e-03	1.80e-02
534	4.55e-03	1.80e-02
535	4.55e-03	1.79e-02
536	4.55e-03	1.78e-02
537	4.55e-03	1.77e-02
538	4.55e-03	1.77e-02
539	4.55e-03	1.76e-02
540	4.55e-03	1.75e-02
541	4.55e-03	1.74e-02
542	4.55e-03	1.74e-02
543	4.55e-03	1.73e-02
544	4.55e-03	1.72e-02
545	4.55e-03	1.72e-02
546	4.55e-03	1.71e-02
547	4.55e-03	1.70e-02
548	4.55e-03	1.69e-02
549	4.55e-03	1.69e-02
550	4.55e-03	1.68e-02
551	4.55e-03	1.67e-02
552	4.55e-03	1.67e-02
553	4.55e-03	1.66e-02
554	4.55e-03	1.65e-02
555	4.55e-03	1.65e-02
556	4.55e-03	1.64e-02
557	4.55e-03	1.63e-02
558	4.55e-03	1.63e-02
559	4.55e-03	1.62e-02
560	4.55e-03	1.61e-02
561	4.55e-03	1.61e-02
562	4.55e-03	1.60e-02
563	4.55e-03	1.59e-02
564	4.55e-03	1.59e-02
565	4.55e-03	1.58e-02
566	4.55e-03	1.57e-02
567	4.55e-03	1.57e-02
568	4.55e-03	1.56e-02
569	4.55e-03	1.55e-02
570	4.55e-03	1.55e-02
571	4.55e-03	1.54e-02
572	4.55e-03	1.53e-02
573	4.55e-03	1.53e-02
574	4.55e-03	1.52e-02
575	4.55e-03	1.51e-02
576	4.55e-03	1.51e-02
577	4.55e-03	1.50e-02
578	4.55e-03	1.50e-02
579	4.55e-03	1.49e-02
580	4.55e-03	1.48e-02
581	4.55e-03	1.48e-02
582	4.55e-03	1.47e-02
583	4.55e-03	1.47e-02
584	4.55e-03	1.46e-02
585	4.55e-03	1.45e-02
586	4.55e-03	1.45e-02
587	4.55e-03	1.44e-02
588	4.55e-03	1.44e-02
589	4.55e-03	1.43e-02
590	4.55e-03	1.42e-02
591	4.55e-03	1.42e-02
592	4.55e-03	1.41e-02
593	4.55e-03	1.41e-02
594	4.55e-03	1.40e-02
595	4.55e-03	1.39e-02
596	4.55e-03	1.39e-02
597	4.55e-03	1.38e-02
598	4.55e-03	1.38e-02
599	4.55e-03	1.37e-02
600	4.55e-03	1.37e-02
601	4.55e-03	1.36e-02
602	4.55e-03	1.35e-02
603	4.55e-03	1.35e-02
604	4.55e-03	1.34e-02
605	4.55e-03	1.34e-02
606	4.55e-03	1.33e-02
607	4.55e-03	1.33e-02
608	4.55e-03	1.32e-02
609	4.55e-03	1.32e-02
610	4.55e-03	1.31e-02
611	4.55e-03	1.30e-02
612	4.55e-03	1.30e-02
613	4.55e-03	1.29e-02
614	4.55e-03	1.29e-02
615	4.55e-03	1.28e-02
616	4.55e-03	1.28e-02
617	4.55e-03	1.27e-02
618	4.55e-03	1.27e-02
619	4.55e-03	1.26e-02
620	4.55e-03	1.26e-02
621	4.55e-03	1.25e-02
622	4.55e-03	1.25e-02
623	4.55e-03	1.24e-02
624	4.55e-03	1.24e-02
625	4.55e-03	1.23e-02
626	4.55e-03	1.23e-02
627	4.55e-03	1.22e-02
628	4.55e-03	1.22e-02
629	4.55e-03	1.21e-02
630	4.55e-03	1.21e-02
631	4.55e-03	1.20e-02
632	4.55e-03	1.20e-02
633	4.55e-03	1.19e-02
634	4.55e-03	1.19e-02
635	4.55e-03	1.18e-02
636	4.55e-03	1.18e-02
637	4.55e-03	1.17e-02
638	4.55e-03	1.17e-02
639	4.55e-03	1.16e-02
640	4.55e-03	1.16e-02
641	4.55e-03	1.15e-02
642	4.55e-03	1.15e-02
643	4.55e-03	1.14e-02
644	4.55e-03	1.14e-02
645	4.55e-03	1.13e-02
646	4.55e-03	1.13e-02
647	4.55e-03	1.12e-02
648	4.55e-03	1.12e-02
649	4.55e-03	1.11e-02
650	4.55e-03	1.11e-02
651	4.55e-03	1.10e-02
652	4.55e-03	1.10e-02
653	4.55e-03	1.09e-02
654	4.55e-03	1.09e-02
655	4.55e-03	1.09e-02
656	4.55e-03	1.08e-02
657	4.55e-03	1.08e-02
658	4.55e-03	1.07e-02
659	4.56e-03	1.07e-02
660	4.56e-03	1.06e-02
661	4.56e-03	1.06e-02
662	4.56e-03	1.05e-02
663	4.56e-03	1.05e-02
664	4.56e-03	1.05e-02
665	4.56e-03	1.04e-02
666	4.56e-03	1.04e-02
667	4.56e-03	1.03e-02
668	4.56e-03	1.03e-02
669	4.56e-03	1.02e-02
670	4.56e-03	1.02e-02
671	4.56e-03	1.02e-02
672	4.56e-03	1.01e-02
673	4.56e-03	1.01e-02
674	4.56e-03	1.00e-02
675	4.56e-03	9.98e-03
676	4.56e-03	9.94e-03
677	4.56e-03	9.90e-03
678	4.56e-03	9.86e-03
679	4.56e-03	9.82e-03
680	4.56e-03	9.78e-03
681	4.56e-03	9.73e-03
682	4.56e-03	9.69e-03
683	4.56e-03	9.65e-03
684	4.56e-03	9.61e-03
685	4.56e-03	9.57e-03
686	4.56e-03	9.53e-03
687	4.56e-03	9.49e-03
688	4.56e-03	9.45e-03
689	4.56e-03	9.41e-03
690	4.56e-03	9.37e-03
691	4.56e-03	9.33e-03
692	4.56e-03	9.29e-03
693	4.56e-03	9.25e-03
694	4.56e-03	9.22e-03
695	4.56e-03	9.18e-03
696	4.56e-03	9.14e-03
697	4.56e-03	9.10e-03
698	4.56e-03	9.06e-03
699	4.56e-03	9.02e-03
700	4.56e-03	8.98e-03
701	4.56e-03	8.95e-03
702	4.56e-03	8.91e-03
703	4.56e-03	8.87e-03
704	4.56e-03	8.83e-03
705	4.56e-03	8.80e-03
706	4.56e-03	8.76e-03
707	4.56e-03	8.72e-03
708	4.56e-03	8.69e-03
709	4.56e-03	8.65e-03
710	4.56e-03	8.61e-03
711	4.56e-03	8.58e-03
712	4.56e-03	8.54e-03
713	4.56e-03	8.50e-03
714	4.56e-03	8.47e-03
715	4.56e-03	8.43e-03
716	4.56e-03	8.40e-03
717	4.56e-03	8.36e-03
718	4.56e-03	8.32e-03
719	4.56e-03	8.29e-03
720	4.56e-03	8.25e-03
721	4.56e-03	8.22e-03
722	4.56e-03	8.18e-03
723	4.56e-03	8.15e-03
724	4.56e-03	8.12e-03
725	4.56e-03	8.08e-03
726	4.56e-03	8.05e-03
727	4.56e-03	8.01e-03
728	4.56e-03	7.98e-03
729	4.56e-03	7.94e-03
730	4.56e-03	7.91e-03
731	4.56e-03	7.88e-03
732	4.56e-03	7.84e-03
733	4.56e-03	7.81e-03
734	4.56e-03	7.78e-03
735	4.56e-03	7.74e-03
736	4.56e-03	7.71e-03
737	4.56e-03	7.68e-03
738	4.56e-03	7.65e-03
739	4.56e-03	7.61e-03
740	4.56e-03	7.58e-03
741	4.56e-03	7.55e-03
742	4.56e-03	7.52e-03
743	4.56e-03	7.48e-03
744	4.56e-03	7.45e-03
745	4.56e-03	7.42e-03
746	4.56e-03	7.39e-03
747	4.56e-03	7.36e-03
748	4.56e-03	7.32e-03
749	4.56e-03	7.29e-03
750	4.56e-03	7.26e-03
751	4.56e-03	7.23e-03
752	4.56e-03	7.20e-03
753	4.56e-03	7.17e-03
754	4.56e-03	7.14e-03
755	4.56e-03	7.11e-03
756	4.56e-03	7.08e-03
757	4.56e-03	7.05e-03
758	4.56e-03	7.02e-03
759	4.56e-03	6.99e-03
760	4.56e-03	6.96e-03
761	4.56e-03	6.93e-03
762	4.56e-03	6.90e-03
763	4.56e-03	6.87e-03
764	4.56e-03	6.84e-03
765	4.56e-03	6.81e-03
766	4.56e-03	6.78e-03
767	4.56e-03	6.75e-03
768	4.56e-03	6.72e-03
769	4.56e-03	6.69e-03
770	4.56e-03	6.66e-03
771	4.56e-03	6.64e-03
772	4.56e-03	6.61e-03
773	4.56e-03	6.58e-03
774	4.56e-03	6.55e-03
775	4.56e-03	6.52e-03
776	4.56e-03	6.49e-03
777	4.56e-03	6.47e-03
778	4.56e-03	6.44e-03
779	4.56e-03	6.41e-03
780	4.56e-03	6.38e-03
781	4.56e-03	6.35e-03
782	4.56e-03	6.33e-03
783	4.56e-03	6.30e-03
784	4.56e-03	6.27e-03
785	4.56e-03	6.25e-03
786	4.56e-03	6.22e-03
787	4.56e-03	6.19e-03
788	4.56e-03	6.16e-03
789	4.56e-03	6.14e-03
790	4.56e-03	6.11e-03
791	4.56e-03	6.08e-03
792	4.56e-03	6.06e-03
793	4.56e-03	6.03e-03
794	4.56e-03	6.01e-03
795	4.56e-03	5.98e-03
796	4.56e-03	5.95e-03
797	4.56e-03	5.93e-03
798	4.56e-03	5.90e-03
799	4.56e-03	5.88e-03
800	4.56e-03	5.85e-03
801	4.56e-03	5.83e-03
802	4.56e-03	5.80e-03
803	4.56e-03	5.78e-03
804	4.56e-03	5.75e-03
805	4.56e-03	5.72e-03
806	4.56e-03	5.70e-03
807	4.56e-03	5.68e-03
808	4.56e-03	5.65e-03
809	4.56e-03	5.63e-03
810	4.56e-03	5.60e-03
811	4.56e-03	5.58e-03
812	4.56e-03	5.55e-03
813	4.56e-03	5.53e-03
814	4.56e-03	5.50e-03
815	4.56e-03	5.48e-03
816	4.56e-03	5.46e-03
817	4.56e-03	5.43e-03
818	4.56e-03	5.41e-03
819	4.56e-03	5.38e-03
820	4.56e-03	5.36e-03
821	4.56e-03	5.34e-03
822	4.56e-03	5.31e-03
823	4.56e-03	5.29e-03
824	4.56e-03	5.27e-03
825	4.56e-03	5.24e-03
826	4.56e-03	5.22e-03
827	4.56e-03	5.20e-03
828	4.56e-03	5.18e-03
829	4.56e-03	5.15e-03
830	4.56e-03	5.13e-03
831	4.56e-03	5.11e-03
832	4.56e-03	5.09e-03
833	4.56e-03	5.06e-03
834	4.56e-03	5.04e-03
835	4.56e-03	5.02e-03
836	4.56e-03	5.00e-03
837	4.56e-03	4.97e-03
838	4.56e-03	4.95e-03
839	4.56e-03	4.93e-03
840	4.56e-03	4.91e-03
841	4.56e-03	4.89e-03
842	4.56e-03	4.87e-03
843	4.56e-03	4.84e-03
844	4.56e-03	4.82e-03
845	4.56e-03	4.80e-03
846	4.56e-03	4.78e-03
847	4.56e-03	4.76e-03
848	4.56e-03	4.74e-03
849	4.56e-03	4.72e-03
850	4.56e-03	4.70e-03
851	4.56e-03	4.68e-03
852	4.56e-03	4.65e-03
853	4.56e-03	4.63e-03
854	4.56e-03	4.61e-03
855	4.56e-03	4.59e-03
856	4.56e-03	4.57e-03
857	4.56e-03	4.55e-03
858	4.56e-03	4.53e-03
859	4.56e-03	4.51e-03
860	4.56e-03	4.49e-03
861	4.56e-03	4.47e-03
862	4.56e-03	4.45e-03
863	4.56e-03	4.43e-03
864	4.56e-03	4.41e-03
865	4.56e-03	4.39e-03
866	4.56e-03	4.37e-03
867	4.56e-03	4.35e-03
868	4.56e-03	4.33e-03
869	4.56e-03	4.31e-03
870	4.56e-03	4.30e-03
871	4.56e-03	4.28e-03
872	4.56e-03	4.26e-03
873	4.56e-03	4.24e-03
874	4.56e-03	4.22e-03
875	4.56e-03	4.20e-03
876	4.56e-03	4.18e-03
877	4.56e-03	4.16e-03
878	4.56e-03	4.14e-03
879	4.56e-03	4.13e-03
880	4.56e-03	4.11e-03
881	4.56e-03	4.09e-03
882	4.56e-03	4.07e-03
883	4.56e-03	4.05e-03
884	4.56e-03	4.03e-03
885	4.56e-03	4.02e-03
886	4.56e-03	4.00e-03
887	4.56e-03	3.98e-03
888	4.56e-03	3.96e-03
889	4.56e-03	3.94e-03
890	4.56e-03	3.93e-03
891	4.56e-03	3.91e-03
892	4.56e-03	3.89e-03
893	4.56e-03	3.87e-03
894	4.56e-03	3.86e-03
895	4.56e-03	3.84e-03
896	4.56e-03	3.82e-03
897	4.56e-03	3.80e-03
898	4.56e-03	3.79e-03
899	4.56e-03	3.77e-03
900	4.56e-03	3.75e-03
901	4.56e-03	3.74e-03
902	4.56e-03	3.72e-03
903	4.56e-03	3.70e-03
904	4.56e-03	3.69e-03
905	4.56e-03	3.67e-03
906	4.56e-03	3.65e-03
907	4.56e-03	3.64e-03
908	4.56e-03	3.62e-03
909	4.56e-03	3.60e-03
910	4.56e-03	3.59e-03
911	4.56e-03	3.57e-03
912	4.56e-03	3.55e-03
913	4.56e-03	3.54e-03
914	4.56e-03	3.52e-03
915	4.56e-03	3.51e-03
916	4.56e-03	3.49e-03
917	4.56e-03	3.47e-03
918	4.56e-03	3.46e-03
919	4.56e-03	3.44e-03
920	4.56e-03	3.43e-03
921	4.56e-03	3.41e-03
922	4.56e-03	3.40e-03
923	4.56e-03	3.38e-03
924	4.56e-03	3.36e-03
925	4.56e-03	3.35e-03
926	4.56e-03	3.33e-03
927	4.56e-03	3.32e-03
928	4.56e-03	3.30e-03
929	4.56e-03	3.29e-03
930	4.56e-03	3.27e-03
931	4.56e-03	3.26e-03
932	4.56e-03	3.24e-03
933	4.56e-03	3.23e-03
934	4.56e-03	3.21e-03
935	4.56e-03	3.20e-03
936	4.56e-03	3.18e-03
937	4.56e-03	3.17e-03
938	4.56e-03	3.15e-03
939	4.56e-03	3.14e-03
940	4.56e-03	3.13e-03
941	4.56e-03	3.11e-03
942	4.56e-03	3.10e-03
943	4.56e-03	3.08e-03
944	4.56e-03	3.07e-03
945	4.56e-03	3.05e-03
946	4.56e-03	3.04e-03
947	4.56e-03	3.03e-03
948	4.56e-03	3.01e-03
949	4.56e-03	3.00e-03
950	4.56e-03	2.98e-03
951	4.56e-03	2.97e-03
952	4.56e-03	2.96e-03
953	4.56e-03	2.94e-03
954	4.56e-03	2.93e-03
955	4.56e-03	2.92e-03
956	4.56e-03	2.90e-03
957	4.56e-03	2.89e-03
958	4.56e-03	2.88e-03
959	4.56e-03	2.86e-03
960	4.56e-03	2.85e-03
961	4.56e-03	2.84e-03
962	4.56e-03	2.82e-03
963	4.56e-03	2.81e-03
964	4.56e-03	2.80e-03
965	4.56e-03	2.78e-03
966	4.56e-03	2.77e-03
967	4.56e-03	2.76e-03
968	4.56e-03	2.75e-03
969	4.56e-03	2.73e-03
970	4.56e-03	2.72e-03
971	4.56e-03	2.71e-03
972	4.56e-03	2.69e-03
973	4.56e-03	2.68e-03
974	4.56e-03	2.67e-03
975	4.56e-03	2.66e-03
976	4.56e-03	2.64e-03
977	4.56e-03	2.63e-03
978	4.56e-03	2.62e-03
979	4.56e-03	2.61e-03
980	4.56e-03	2.60e-03
981	4.56e-03	2.58e-03
982	4.56e-03	2.57e-03
983	4.56e-03	2.56e-03
984	4.56e-03	2.55e-03
985	4.56e-03	2.54e-03
986	4.56e-03	2.52e-03
987	4.56e-03	2.51e-03
988	4.56e-03	2.50e-03
989	4.56e-03	2.49e-03
990	4.56e-03	2.48e-03
991	4.56e-03	2.46e-03
992	4.56e-03	2.45e-03
993	4.56e-03	2.44e-03
994	4.56e-03	2.43e-03
995	4.56e-03	2.42e-03
996	4.56e-03	2.41e-03
997	4.56e-03	2.40e-03
998	4.56e-03	2.38e-03
999	4.56e-03	2.37e-03
1000	4.56e-03	2.36e-03
1001	4.56e-03	2.35e-03
1002	4.56e-03	2.34e-03
1003	4.56e-03	2.33e-03
1004	4.56e-03	2.32e-03
1005	4.56e-03	2.31e-03
1006	4.56e-03	2.30e-03
1007	4.56e-03	2.29e-03
1008	4.56e-03	2.27e-03
1009	4.56e-03	2.26e-03
1010	4.56e-03	2.25e-03
1011	4.56e-03	2.24e-03
1012	4.56e-03	2.23e-03
1013	4.56e-03	2.22e-03
1014	4.56e-03	2.21e-03
1015	4.56e-03	2.20e-03
1016	4.56e-03	2.19e-03
1017	4.56e-03	2.18e-03
1018	4.56e-03	2.17e-03
1019	4.56e-03	2.16e-03
1020	4.56e-03	2.15e-03
1021	4.56e-03	2.14e-03
1022	4.56e-03	2.13e-03
1023	4.56e-03	2.12e-03
1024	4.56e-03	2.11e-03
1025	4.56e-03	2.10e-03
1026	4.56e-03	2.09e-03
1027	4.56e-03	2.08e-03
1028	4.56e-03	2.07e-03
1029	4.56e-03	2.06e-03
1030	4.56e-03	2.05e-03
1031	4.56e-03	2.04e-03
1032	4.56e-03	2.03e-03
1033	4.56e-03	2.02e-03
1034	4.56e-03	2.01e-03
1035	4.56e-03	2.00e-03
1036	4.56e-03	1.99e-03
1037	4.56e-03	1.98e-03
1038	4.56e-03	1.97e-03
1039	4.56e-03	1.96e-03
1040	4.56e-03	1.95e-03
1041	4.56e-03	1.94e-03
1042	4.56e-03	1.93e-03
1043	4.56e-03	1.92e-03
1044	4.56e-03	1.91e-03
1045	4.56e-03	1.91e-03
1046	4.56e-03	1.90e-03
1047	4.56e-03	1.89e-03
1048	4.56e-03	1.88e-03
1049	4.56e-03	1.87e-03
1050	4.56e-03	1.86e-03
1051	4.56e-03	1.85e-03
1052	4.56e-03	1.84e-03
1053	4.56e-03	1.83e-03
1054	4.56e-03	1.82e-03
1055	4.56e-03	1.82e-03
1056	4.56e-03	1.81e-03
1057	4.56e-03	1.80e-03
1058	4.56e-03	1.79e-03
1059	4.56e-03	1.78e-03
1060	4.56e-03	1.77e-03
1061	4.56e-03	1.76e-03
1062	4.56e-03	1.76e-03
1063	4.56e-03	1.75e-03
1064	4.56e-03	1.74e-03
1065	4.56e-03	1.73e-03
1066	4.56e-03	1.72e-03
1067	4.56e-03	1.71e-03
1068	4.56e-03	1.70e-03
1069	4.56e-03	1.70e-03
1070	4.56e-03	1.69e-03
1071	4.56e-03	1.68e-03
1072	4.56e-03	1.67e-03
1073	4.56e-03	1.66e-03
1074	4.56e-03	1.66e-03
1075	4.56e-03	1.65e-03
1076	4.56e-03	1.64e-03
1077	4.56e-03	1.63e-03
1078	4.56e-03	1.62e-03
1079	4.56e-03	1.62e-03
1080	4.56e-03	1.61e-03
1081	4.56e-03	1.60e-03
1082	4.56e-03	1.59e-03
1083	4.56e-03	1.58e-03
1084	4.56e-03	1.58e-03
1085	4.56e-03	1.57e-03
1086	4.56e-03	1.56e-03
1087	4.56e-03	1.55e-03
1088	4.56e-03	1.55e-03
1089	4.56e-03	1.54e-03
1090	4.56e-03	1.53e-03
1091	4.56e-03	1.52e-03
1092	4.56e-03	1.52e-03
1093	4.56e-03	1.51e-03
1094	4.56e-03	1.50e-03
1095	4.56e-03	1.49e-03
1096	4.56e-03	1.49e-03
1097	4.56e-03	1.48e-03
1098	4.56e-03	1.47e-03
1099	4.56e-03	1.46e-03
1100	4.56e-03	1.46e-03
1101	4.56e-03	1.45e-03
1102	4.56e-03	1.44e-03
1103	4.56e-03	1.44e-03
1104	4.56e-03	1.43e-03
1105	4.56e-03	1.42e-03
1106	4.56e-03	1.41e-03
1107	4.56e-03	1.41e-03
1108	4.56e-03	1.40e-03
1109	4.56e-03	1.39e-03
1110	4.56e-03	1.39e-03
1111	4.56e-03	1.38e-03
1112	4.56e-03	1.37e-03
1113	4.56e-03	1.37e-03
1114	4.56e-03	1.36e-03
1115	4.56e-03	1.35e-03
1116	4.56e-03	1.35e-03
1117	4.56e-03	1.34e-03
1118	4.56e-03	1.33e-03
1119	4.56e-03	1.33e-03
1120	4.56e-03	1.32e-03
1121	4.56e-03	1.31e-03
1122	4.56e-03	1.31e-03
1123	4.56e-03	1.30e-03
1124	4.56e-03	1.29e-03
1125	4.56e-03	1.29e-03
1126	4.56e-03	1.28e-03
1127	4.56e-03	1.27e-03
1128	4.56e-03	1.27e-03
1129	4.56e-03	1.26e-03
1130	4.56e-03	1.26e-03
1131	4.56e-03	1.25e-03
1132	4.56e-03	1.24e-03
1133	4.56e-03	1.24e-03
1134	4.56e-03	1.23e-03
1135	4.56e-03	1.22e-03
1136	4.56e-03	1.22e-03
1137	4.56e-03	1.21e-03
1138	4.56e-03	1.21e-03
1139	4.56e-03	1.20e-03
1140	4.56e-03	1.19e-03
1141	4.56e-03	1.19e-03
1142	4.56e-03	1.18e-03
1143	4.56e-03	1.18e-03
1144	4.56e-03	1.17e-03
1145	4.56e-03	1.16e-03
1146	4.56e-03	1.16e-03
1147	4.56e-03	1.15e-03
1148	4.56e-03	1.15e-03
1149	4.56e-03	1.14e-03
1150	4.56e-03	1.14e-03
1151	4.56e-03	1.13e-03
1152	4.56e-03	1.12e-03
1153	4.56e-03	1.12e-03
1154	4.56e-03	1.11e-03
1155	4.56e-03	1.11e-03
1156	4.56e-03	1.10e-03
1157	4.56e-03	1.10e-03
1158	4.56e-03	1.09e-03
1159	4.56e-03	1.08e-03
1160	4.56e-03	1.08e-03
1161	4.56e-03	1.07e-03
1162	4.56e-03	1.07e-03
1163	4.56e-03	1.06e-03
1164	4.56e-03	1.06e-03
1165	4.56e-03	1.05e-03
1166	4.56e-03	1.05e-03
1167	4.56e-03	1.04e-03
1168	4.56e-03	1.04e-03
1169	4.56e-03	1.03e-03
1170	4.56e-03	1.03e-03
1171	4.56e-03	1.02e-03
1172	4.56e-03	1.02e-03
1173	4.56e-03	1.01e-03
1174	4.56e-03	1.01e-03
1175	4.56e-03	1.00e-03
1176	4.56e-03	9.95e-04
1177	4.56e-03	9.90e-04
1178	4.56e-03	9.85e-04
1179	4.56e-03	9.80e-04
1180	4.56e-03	9.75e-04
1181	4.56e-03	9.70e-04
1182	4.56e-03	9.65e-04
1183	4.56e-03	9.60e-04
1184	4.56e-03	9.55e-04
1185	4.56e-03	9.50e-04
1186	4.56e-03	9.46e-04
1187	4.56e-03	9.41e-04
1188	4.56e-03	9.36e-04
1189	4.56e-03	9.31e-04
1190	4.56e-03	9.26e-04
1191	4.56e-03	9.22e-04
1192	4.56e-03	9.17e-04
1193	4.56e-03	9.12e-04
1194	4.56e-03	9.08e-04
1195	4.56e-03	9.03e-04
1196	4.56e-03	8.98e-04
1197	4.56e-03	8.94e-04
1198	4.56e-03	8.89e-04
1199	4.56e-03	8.85e-04
1200	4.56e-03	8.80e-04
1201	4.56e-03	8.75e-04
1202	4.56e-03	8.71e-04
1203	4.56e-03	8.67e-04
1204	4.56e-03	8.62e-04
1205	4.56e-03	8.58e-04
1206	4.56e-03	8.53e-04
1207	4.56e-03	8.49e-04
1208	4.56e-03	8.44e-04
1209	4.56e-03	8.40e-04
1210	4.56e-03	8.36e-04
1211	4.56e-03	8.31e-04
1212	4.56e-03	8.27e-04
1213	4.56e-03	8.23e-04
1214	4.56e-03	8.19e-04
1215	4.56e-03	8.14e-04
1216	4.56e-03	8.10e-04
1217	4.56e-03	8.06e-04
1218	4.56e-03	8.02e-04
1219	4.56e-03	7.98e-04
1220	4.56e-03	7.94e-04
1221	4.56e-03	7.89e-04
1222	4.56e-03	7.85e-04
1223	4.56e-03	7.81e-04
1224	4.56e-03	7.77e-04
1225	4.56e-03	7.73e-04
1226	4.56e-03	7.69e-04
1227	4.56e-03	7.65e-04
1228	4.56e-03	7.61e-04
1229	4.56e-03	7.57e-04
1230	4.56e-03	7.53e-04
1231	4.56e-03	7.49e-04
1232	4.56e-03	7.46e-04
1233	4.56e-03	7.42e-04
1234	4.56e-03	7.38e-04
1235	4.56e-03	7.34e-04
1236	4.56e-03	7.30e-04
1237	4.56e-03	7.26e-04
1238	4.56e-03	7.23e-04
1239	4.56e-03	7.19e-04
1240	4.56e-03	7.15e-04
1241	4.56e-03	7.11e-04
1242	4.56e-03	7.08e-04
1243	4.56e-03	7.04e-04
1244	4.56e-03	7.00e-04
1245	4.56e-03	6.97e-04
1246	4.56e-03	6.93e-04
1247	4.56e-03	6.89e-04
1248	4.56e-03	6.86e-04
1249	4.56e-03	6.82e-04
1250	4.56e-03	6.79e-04
1251	4.56e-03	6.75e-04
1252	4.56e-03	6.71e-04
1253	4.56e-03	6.68e-04
1254	4.56e-03	6.64e-04
1255	4.56e-03	6.61e-04
1256	4.56e-03	6.58e-04
1257	4.56e-03	6.54e-04
1258	4.56e-03	6.51e-04
1259	4.56e-03	6.47e-04
1260	4.56e-03	6.44e-04
1261	4.56e-03	6.40e-04
1262	4.56e-03	6.37e-04
1263	4.56e-03	6.34e-04
1264	4.56e-03	6.30e-04
1265	4.56e-03	6.27e-04
1266	4.56e-03	6.24e-04
1267	4.56e-03	6.20e-04
1268	4.56e-03	6.17e-04
1269	4.56e-03	6.14e-04
1270	4.56e-03	6.11e-04
1271	4.56e-03	6.07e-04
1272	4.56e-03	6.04e-04
1273	4.56e-03	6.01e-04
1274	4.56e-03	5.98e-04
1275	4.56e-03	5.95e-04
1276	4.56e-03	5.92e-04
1277	4.56e-03	5.88e-04
1278	4.56e-03	5.85e-04
1279	4.56e-03	5.82e-04
1280	4.56e-03	5.79e-04
1281	4.56e-03	5.76e-04
1282	4.56e-03	5.73e-04
1283	4.56e-03	5.70e-04
1284	4.56e-03	5.67e-04
1285	4.56e-03	5.64e-04
1286	4.56e-03	5.61e-04
1287	4.56e-03	5.58e-04
1288	4.56e-03	5.55e-04
1289	4.56e-03	5.52e-04
1290	4.56e-03	5.49e-04
1291	4.56e-03	5.46e-04
1292	4.56e-03	5.43e-04
1293	4.56e-03	5.40e-04
1294	4.56e-03	5.38e-04
1295	4.56e-03	5.35e-04
1296	4.56e-03	5.32e-04
1297	4.56e-03	5.29e-04
1298	4.56e-03	5.26e-04
1299	4.56e-03	5.23e-04
1300	4.56e-03	5.21e-04
1301	4.56e-03	5.18e-04
1302	4.56e-03	5.15e-04
1303	4.56e-03	5.12e-04
1304	4.56e-03	5.10e-04
1305	4.56e-03	5.07e-04
1306	4.56e-03	5.04e-04
1307	4.56e-03	5.01e-04
1308	4.56e-03	4.99e-04
1309	4.56e-03	4.96e-04
1310	4.56e-03	4.93e-04
1311	4.56e-03	4.91e-04
1312	4.56e-03	4.88e-04
1313	4.56e-03	4.86e-04
1314	4.56e-03	4.83e-04
1315	4.56e-03	4.80e-04
1316	4.56e-03	4.78e-04
1317	4.56e-03	4.75e-04
1318	4.56e-03	4.73e-04
1319	4.56e-03	4.70e-04
1320	4.56e-03	4.68e-04
1321	4.56e-03	4.65e-04
1322	4.56e-03	4.63e-04
1323	4.56e-03	4.60e-04
1324	4.56e-03	4.58e-04
1325	4.56e-03	4.55e-04
1326	4.56e-03	4.53e-04
1327	4.56e-03	4.50e-04
1328	4.56e-03	4.48e-04
1329	4.56e-03	4.45e-04
1330	4.56e-03	4.43e-04
1331	4.56e-03	4.41e-04
1332	4.56e-03	4.38e-04
1333	4.56e-03	4.36e-04
1334	4.56e-03	4.34e-04
1335	4.56e-03	4.31e-04
1336	4.56e-03	4.29e-04
1337	4.56e-03	4.27e-04
1338	4.56e-03	4.24e-04
1339	4.56e-03	4.22e-04
1340	4.56e-03	4.20e-04
1341	4.56e-03	4.17e-04
1342	4.56e-03	4.15e-04
1343	4.56e-03	4.13e-04
1344	4.56e-03	4.11e-04
1345	4.56e-03	4.08e-04
1346	4.56e-03	4.06e-04
1347	4.56e-03	4.04e-04
1348	4.56e-03	4.02e-04
1349	4.56e-03	4.00e-04
1350	4.56e-03	3.97e-04
1351	4.56e-03	3.95e-04
1352	4.56e-03	3.93e-04
1353	4.56e-03	3.91e-04
1354	4.56e-03	3.89e-04
1355	4.56e-03	3.87e-04
1356	4.56e-03	3.85e-04
1357	4.56e-03	3.83e-04
1358	4.56e-03	3.80e-04
1359	4.56e-03	3.78e-04
1360	4.56e-03	3.76e-04
1361	4.56e-03	3.74e-04
1362	4.56e-03	3.72e-04
1363	4.56e-03	3.70e-04
1364	4.56e-03	3.68e-04
1365	4.56e-03	3.66e-04
1366	4.56e-03	3.64e-04
1367	4.56e-03	3.62e-04
1368	4.56e-03	3.60e-04
1369	4.56e-03	3.58e-04
1370	4.56e-03	3.56e-04
1371	4.56e-03	3.54e-04
1372	4.56e-03	3.52e-04
1373	4.56e-03	3.50e-04
1374	4.56e-03	3.49e-04
1375	4.56e-03	3.47e-04
1376	4.56e-03	3.45e-04
1377	4.56e-03	3.43e-04
1378	4.56e-03	3.41e-04
1379	4.56e-03	3.39e-04
1380	4.56e-03	3.37e-04
1381	4.56e-03	3.35e-04
1382	4.56e-03	3.34e-04
1383	4.56e-03	3.32e-04
1384	4.56e-03	3.30e-04
1385	4.56e-03	3.28e-04
1386	4.56e-03	3.26e-04
1387	4.56e-03	3.24e-04
1388	4.56e-03	3.23e-04
1389	4.56e-03	3.21e-04
1390	4.56e-03	3.19e-04
1391	4.56e-03	3.17e-04
1392	4.56e-03	3.16e-04
1393	4.56e-03	3.14e-04
1394	4.56e-03	3.12e-04
1395	4.56e-03	3.10e-04
1396	4.56e-03	3.09e-04
1397	4.56e-03	3.07e-04
1398	4.56e-03	3.05e-04
1399	4.56e-03	3.04e-04
1400	4.56e-03	3.02e-04
1401	4.56e-03	3.00e-04
1402	4.56e-03	2.99e-04
1403	4.56e-03	2.97e-04
1404	4.56e-03	2.95e-04
1405	4.56e-03	2.94e-04
1406	4.56e-03	2.92e-04
1407	4.56e-03	2.90e-04
1408	4.56e-03	2.89e-04
1409	4.56e-03	2.87e-04
1410	4.56e-03	2.86e-04
1411	4.56e-03	2.84e-04
1412	4.56e-03	2.82e-04
1413	4.56e-03	2.81e-04
1414	4.56e-03	2.79e-04
1415	4.56e-03	2.78e-04
1416	4.56e-03	2.76e-04
1417	4.56e-03	2.75e-04
1418	4.56e-03	2.73e-04
1419	4.56e-03	2.72e-04
1420	4.56e-03	2.70e-04
1421	4.56e-03	2.69e-04
1422	4.56e-03	2.67e-04
1423	4.56e-03	2.66e-04
1424	4.56e-03	2.64e-04
1425	4.56e-03	2.63e-04
1426	4.56e-03	2.61e-04
1427	4.56e-03	2.60e-04
1428	4.56e-03	2.58e-04
1429	4.56e-03	2.57e-04
1430	4.56e-03	2.55e-04
1431	4.56e-03	2.54e-04
1432	4.56e-03	2.53e-04
1433	4.56e-03	2.51e-04
1434	4.56e-03	2.50e-04
1435	4.56e-03	2.48e-04
1436	4.56e-03	2.47e-04
1437	4.56e-03	2.46e-04
1438	4.56e-03	2.44e-04
1439	4.56e-03	2.43e-04
1440	4.56e-03	2.42e-04
1441	4.56e-03	2.40e-04
1442	4.56e-03	2.39e-04
1443	4.56e-03	2.37e-04
1444	4.56e-03	2.36e-04
1445	4.56e-03	2.35e-04
1446	4.56e-03	2.34e-04
1447	4.56e-03	2.32e-04
1448	4.56e-03	2.31e-04
1449	4.56e-03	2.30e-04
1450	4.56e-03	2.28e-04
1451	4.56e-03	2.27e-04
1452	4.56e-03	2.26e-04
1453	4.56e-03	2.24e-04
1454	4.56e-03	2.23e-04
1455	4.56e-03	2.22e-04
1456	4.56e-03	2.21e-04
1457	4.56e-03	2.19e-04
1458	4.56e-03	2.18e-04
1459	4.56e-03	2.17e-04
1460	4.56e-03	2.16e-04
1461	4.56e-03	2.15e-04
1462	4.56e-03	2.13e-04
1463	4.56e-03	2.12e-04
1464	4.56e-03	2.11e-04
1465	4.56e-03	2.10e-04
1466	4.56e-03	2.09e-04
1467	4.56e-03	2.07e-04
1468	4.56e-03	2.06e-04
1469	4.56e-03	2.05e-04
1470	4.56e-03	2.04e-04
1471	4.56e-03	2.03e-04
1472	4.56e-03	2.02e-04
1473	4.56e-03	2.00e-04
1474	4.56e-03	1.99e-04
1475	4.56e-03	1.98e-04
1476	4.56e-03	1.97e-04
1477	4.56e-03	1.96e-04
1478	4.56e-03	1.95e-04
1479	4.56e-03	1.94e-04
1480	4.56e-03	1.93e-04
1481	4.56e-03	1.92e-04
1482	4.56e-03	1.90e-04
1483	4.56e-03	1.89e-04
1484	4.56e-03	1.88e-04
1485	4.56e-03	1.87e-04
1486	4.56e-03	1.86e-04
1487	4.56e-03	1.85e-04
1488	4.56e-03	1.84e-04
1489	4.56e-03	1.83e-04
1490	4.56e-03	1.82e-04
1491	4.56e-03	1.81e-04
1492	4.56e-03	1.80e-04
1493	4.56e-03	1.79e-04
1494	4.56e-03	1.78e-04
1495	4.56e-03	1.77e-04
1496	4.56e-03	1.76e-04
1497	4.56e-03	1.75e-04
1498	4.56e-03	1.74e-04
1499	4.56e-03	1.73e-04
1500	4.56e-03	1.72e-04
1501	4.56e-03	1.71e-04
1502	4.56e-03	1.70e-04
1503	4.56e-03	1.69e-04
1504	4.56e-03	1.68e-04
1505	4.56e-03	1.67e-04
1506	4.56e-03	1.66e-04
1507	4.56e-03	1.65e-04
1508	4.56e-03	1.64e-04
1509	4.56e-03	1.63e-04
1510	4.56e-03	1.62e-04
1511	4.56e-03	1.61e-04
1512	4.56e-03	1.60e-04
1513	4.56e-03	1.60e-04
1514	4.56e-03	1.59e-04
1515	4.56e-03	1.58e-04
1516	4.56e-03	1.57e-04
1517	4.56e-03	1.56e-04
1518	4.56e-03	1.55e-04
1519	4.56e-03	1.54e-04
1520	4.56e-03	1.53e-04
1521	4.56e-03	1.52e-04
1522	4.56e-03	1.51e-04
1523	4.56e-03	1.51e-04
1524	4.56e-03	1.50e-04
1525	4.56e-03	1.49e-04
1526	4.56e-03	1.48e-04
1527	4.56e-03	1.47e-04
1528	4.56e-03	1.46e-04
1529	4.56e-03	1.45e-04
1530	4.56e-03	1.45e-04
1531	4.56e-03	1.44e-04
1532	4.56e-03	1.43e-04
1533	4.56e-03	1.42e-04
1534	4.56e-03	1.41e-04
1535	4.56e-03	1.41e-04
1536	4.56e-03	1.40e-04
1537	4.56e-03	1.39e-04
1538	4.56e-03	1.38e-04
1539	4.56e-03	1.37e-04
1540	4.56e-03	1.37e-04
1541	4.56e-03	1.36e-04
1542	4.56e-03	1.35e-04
1543	4.56e-03	1.34e-04
1544	4.56e-03	1.33e-04
1545	4.56e-03	1.33e-04
1546	4.56e-03	1.32e-04
1547	4.56e-03	1.31e-04
1548	4.56e-03	1.30e-04
1549	4.56e-03	1.30e-04
1550	4.56e-03	1.29e-04
1551	4.56e-03	1.28e-04
1552	4.56e-03	1.27e-04
1553	4.56e-03	1.27e-04
1554	4.56e-03	1.26e-04
1555	4.56e-03	1.25e-04
1556	4.56e-03	1.24e-04
1557	4.56e-03	1.24e-04
1558	4.56e-03	1.23e-04
1559	4.56e-03	1.22e-04
1560	4.56e-03	1.22e-04
1561	4.56e-03	1.21e-04
1562	4.56e-03	1.20e-04
1563	4.56e-03	1.19e-04
1564	4.56e-03	1.19e-04
1565	4.56e-03	1.18e-04
1566	4.56e-03	1.17e-04
1567	4.56e-03	1.17e-04
1568	4.56e-03	1.16e-04
1569	4.56e-03	1.15e-04
1570	4.56e-03	1.15e-04
1571	4.56e-03	1.14e-04
1572	4.56e-03	1.13e-04
1573	4.56e-03	1.13e-04
1574	4.56e-03	1.12e-04
1575	4.56e-03	1.11e-04
1576	4.56e-03	1.11e-04
1577	4.56e-03	1.10e-04
1578	4.56e-03	1.09e-04
1579	4.56e-03	1.09e-04
1580	4.56e-03	1.08e-04
1581	4.56e-03	1.08e-04
1582	4.56e-03	1.07e-04
1583	4.56e-03	1.06e-04
1584	4.56e-03	1.06e-04
1585	4.56e-03	1.05e-04
1586	4.56e-03	1.04e-04
1587	4.56e-03	1.04e-04
1588	4.56e-03	1.03e-04
1589	4.56e-03	1.03e-04
1590	4.56e-03	1.02e-04
1591	4.56e-03	1.01e-04
1592	4.56e-03	1.01e-04
1593	4.56e-03	1.00e-04
1594	4.56e-03	9.96e-05
1595	4.56e-03	9.90e-05
1596	4.56e-03	9.84e-05
1597	4.56e-03	9.79e-05
1598	4.56e-03	9.73e-05
1599	4.56e-03	9.67e-05
1600	4.56e-03	9.62e-05
1601	4.56e-03	9.56e-05
1602	4.56e-03	9.50e-05
1603	4.56e-03	9.45e-05
1604	4.56e-03	9.39e-05
1605	4.56e-03	9.34e-05
1606	4.56e-03	9.28e-05
1607	4.56e-03	9.23e-05
1608	4.56e-03	9.17e-05
1609	4.56e-03	9.12e-05
1610	4.56e-03	9.06e-05
1611	4.56e-03	9.01e-05
1612	4.56e-03	8.96e-05
1613	4.56e-03	8.91e-05
1614	4.56e-03	8.85e-05
1615	4.56e-03	8.80e-05
1616	4.56e-03	8.75e-05
1617	4.56e-03	8.70e-05
1618	4.56e-03	8.65e-05
1619	4.56e-03	8.59e-05
1620	4.56e-03	8.54e-05
1621	4.56e-03	8.49e-05
1622	4.56e-03	8.44e-05
1623	4.56e-03	8.39e-05
1624	4.56e-03	8.34e-05
1625	4.56e-03	8.29e-05
1626	4.56e-03	8.25e-05
1627	4.56e-03	8.20e-05
1628	4.56e-03	8.15e-05
1629	4.56e-03	8.10e-05
1630	4.56e-03	8.05e-05
1631	4.56e-03	8.00e-05
1632	4.56e-03	7.96e-05
1633	4.56e-03	7.91e-05
1634	4.56e-03	7.86e-05
1635	4.56e-03	7.82e-05
1636	4.56e-03	7.77e-05
1637	4.56e-03	7.72e-05
1638	4.56e-03	7.68e-05
1639	4.56e-03	7.63e-05
1640	4.56e-03	7.59e-05
1641	4.56e-03	7.54e-05
1642	4.56e-03	7.50e-05
1643	4.56e-03	7.45e-05
1644	4.56e-03	7.41e-05
1645	4.56e-03	7.36e-05
1646	4.56e-03	7.32e-05
1647	4.56e-03	7.28e-05
1648	4.56e-03	7.23e-05
1649	4.56e-03	7.19e-05
1650	4.56e-03	7.15e-05
1651	4.56e-03	7.11e-05
1652	4.56e-03	7.06e-05
1653	4.56e-03	7.02e-05
1654	4.56e-03	6.98e-05
1655	4.56e-03	6.94e-05
1656	4.56e-03	6.90e-05
1657	4.56e-03	6.86e-05
1658	4.56e-03	6.81e-05
1659	4.56e-03	6.77e-05
1660	4.56e-03	6.73e-05
1661	4.56e-03	6.69e-05
1662	4.56e-03	6.65e-05
1663	4.56e-03	6.61e-05
1664	4.56e-03	6.57e-05
1665	4.56e-03	6.54e-05
1666	4.56e-03	6.50e-05
1667	4.56e-03	6.46e-05
1668	4.56e-03	6.42e-05
1669	4.56e-03	6.38e-05
1670	4.56e-03	6.34e-05
1671	4.56e-03	6.30e-05
1672	4.56e-03	6.27e-05
1673	4.56e-03	6.23e-05
1674	4.56e-03	6.19e-05
1675	4.56e-03	6.15e-05
1676	4.56e-03	6.12e-05
1677	4.56e-03	6.08e-05
1678	4.56e-03	6.04e-05
1679	4.56e-03	6.01e-05
1680	4.56e-03	5.97e-05
1681	4.56e-03	5.94e-05
1682	4.56e-03	5.90e-05
1683	4.56e-03	5.87e-05
1684	4.56e-03	5.83e-05
1685	4.56e-03	5.80e-05
1686	4.56e-03	5.76e-05
1687	4.56e-03	5.73e-05
1688	4.56e-03	5.69e-05
1689	4.56e-03	5.66e-05
1690	4.56e-03	5.62e-05
1691	4.56e-03	5.59e-05
1692	4.56e-03	5.56e-05
1693	4.56e-03	5.52e-05
1694	4.56e-03	5.49e-05
1695	4.56e-03	5.46e-05
1696	4.56e-03	5.42e-05
1697	4.56e-03	5.39e-05
1698	4.56e-03	5.36e-05
1699	4.56e-03	5.33e-05
1700	4.56e-03	5.29e-05
1701	4.56e-03	5.26e-05
1702	4.56e-03	5.23e-05
1703	4.56e-03	5.20e-05
1704	4.56e-03	5.17e-05
1705	4.56e-03	5.14e-05
1706	4.56e-03	5.11e-05
1707	4.56e-03	5.07e-05
1708	4.56e-03	5.04e-05
1709	4.56e-03	5.01e-05
1710	4.56e-03	4.98e-05
1711	4.56e-03	4.95e-05
1712	4.56e-03	4.92e-05
1713	4.56e-03	4.89e-05
1714	4.56e-03	4.86e-05
1715	4.56e-03	4.83e-05
1716	4.56e-03	4.81e-05
1717	4.56e-03	4.78e-05
1718	4.56e-03	4.75e-05
1719	4.56e-03	4.72e-05
1720	4.56e-03	4.69e-05
1721	4.56e-03	4.66e-05
1722	4.56e-03	4.63e-05
1723	4.56e-03	4.61e-05
1724	4.56e-03	4.58e-05
1725	4.56e-03	4.55e-05
1726	4.56e-03	4.52e-05
1727	4.56e-03	4.50e-05
1728	4.56e-03	4.47e-05
1729	4.56e-03	4.44e-05
1730	4.56e-03	4.41e-05
1731	4.56e-03	4.39e-05
1732	4.56e-03	4.36e-05
1733	4.56e-03	4.33e-05
1734	4.56e-03	4.31e-05
1735	4.56e-03	4.28e-05
1736	4.56e-03	4.26e-05
1737	4.56e-03	4.23e-05
1738	4.56e-03	4.20e-05
1739	4.56e-03	4.18e-05
1740	4.56e-03	4.15e-05
1741	4.56e-03	4.13e-05
1742	4.56e-03	4.10e-05
1743	4.56e-03	4.08e-05
1744	4.56e-03	4.05e-05
1745	4.56e-03	4.03e-05
1746	4.56e-03	4.00e-05
1747	4.56e-03	3.98e-05
1748	4.56e-03	3.95e-05
1749	4.56e-03	3.93e-05
1750	4.56e-03	3.91e-05
1751	4.56e-03	3.88e-05
1752	4.56e-03	3.86e-05
1753	4.56e-03	3.84e-05
1754	4.56e-03	3.81e-05
1755	4.56e-03	3.79e-05
1756	4.56e-03	3.77e-05
1757	4.56e-03	3.74e-05
1758	4.56e-03	3.72e-05
1759	4.56e-03	3.70e-05
1760	4.56e-03	3.67e-05
1761	4.56e-03	3.65e-05
1762	4.56e-03	3.63e-05
1763	4.56e-03	3.61e-05
1764	4.56e-03	3.59e-05
1765	4.56e-03	3.56e-05
1766	4.56e-03	3.54e-05
1767	4.56e-03	3.52e-05
1768	4.56e-03	3.50e-05
1769	4.56e-03	3.48e-05
1770	4.56e-03	3.46e-05
1771	4.56e-03	3.44e-05
1772	4.56e-03	3.41e-05
1773	4.56e-03	3.39e-05
1774	4.56e-03	3.37e-05
1775	4.56e-03	3.35e-05
1776	4.56e-03	3.33e-05
1777	4.56e-03	3.31e-05
1778	4.56e-03	3.29e-05
1779	4.56e-03	3.27e-05
1780	4.56e-03	3.25e-05
1781	4.56e-03	3.23e-05
1782	4.56e-03	3.21e-05
1783	4.56e-03	3.19e-05
1784	4.56e-03	3.17e-05
1785	4.56e-03	3.15e-05
1786	4.56e-03	3.13e-05
1787	4.56e-03	3.11e-05
1788	4.56e-03	3.09e-05
1789	4.56e-03	3.07e-05
1790	4.56e-03	3.06e-05
1791	4.56e-03	3.04e-05
1792	4.56e-03	3.02e-05
1793	4.56e-03	3.00e-05
1794	4.56e-03	2.98e-05
1795	4.56e-03	2.96e-05
1796	4.56e-03	2.94e-05
1797	4.56e-03	2.93e-05
1798	4.56e-03	2.91e-05
1799	4.56e-03	2.89e-05
1800	4.56e-03	2.87e-05
1801	4.56e-03	2.86e-05
1802	4.56e-03	2.84e-05
1803	4.56e-03	2.82e-05
1804	4.56e-03	2.80e-05
1805	4.56e-03	2.79e-05
1806	4.56e-03	2.77e-05
1807	4.56e-03	2.75e-05
1808	4.56e-03	2.73e-05
1809	4.56e-03	2.72e-05
1810	4.56e-03	2.70e-05
1811	4.56e-03	2.68e-05
1812	4.56e-03	2.67e-05
1813	4.56e-03	2.65e-05
1814	4.56e-03	2.63e-05
1815	4.56e-03	2.62e-05
1816	4.56e-03	2.60e-05
1817	4.56e-03	2.59e-05
1818	4.56e-03	2.57e-05
1819	4.56e-03	2.55e-05
1820	4.56e-03	2.54e-05
1821	4.56e-03	2.52e-05
1822	4.56e-03	2.51e-05
1823	4.56e-03	2.49e-05
1824	4.56e-03	2.48e-05
1825	4.56e-03	2.46e-05
1826	4.56e-03	2.45e-05
1827	4.56e-03	2.43e-05
1828	4.56e-03	2.42e-05
1829	4.56e-03	2.40e-05
1830	4.56e-03	2.39e-05
1831	4.56e-03	2.37e-05
1832	4.56e-03	2.36e-05
1833	4.56e-03	2.34e-05
1834	4.56e-03	2.33e-05
1835	4.56e-03	2.31e-05
1836	4.56e-03	2.30e-05
1837	4.56e-03	2.28e-05
1838	4.56e-03	2.27e-05
1839	4.56e-03	2.26e-05
1840	4.56e-03	2.24e-05
1841	4.56e-03	2.23e-05
1842	4.56e-03	2.21e-05
1843	4.56e-03	2.20e-05
1844	4.56e-03	2.19e-05
1845	4.56e-03	2.17e-05
1846	4.56e-03	2.16e-05
1847	4.56e-03	2.15e-05
1848	4.56e-03	2.13e-05
1849	4.56e-03	2.12e-05
1850	4.56e-03	2.11e-05
1851	4.56e-03	2.09e-05
1852	4.56e-03	2.08e-05
1853	4.56e-03	2.07e-05
1854	4.56e-03	2.05e-05
1855	4.56e-03	2.04e-05
1856	4.56e-03	2.03e-05
1857	4.56e-03	2.02e-05
1858	4.56e-03	2.00e-05
1859	4.56e-03	1.99e-05
1860	4.56e-03	1.98e-05
1861	4.56e-03	1.97e-05
1862	4.56e-03	1.95e-05
1863	4.56e-03	1.94e-05
1864	4.56e-03	1.93e-05
1865	4.56e-03	1.92e-05
1866	4.56e-03	1.91e-05
1867	4.56e-03	1.89e-05
1868	4.56e-03	1.88e-05
1869	4.56e-03	1.87e-05
1870	4.56e-03	1.86e-05
1871	4.56e-03	1.85e-05
1872	4.56e-03	1.83e-05
1873	4.56e-03	1.82e-05
1874	4.56e-03	1.81e-05
1875	4.56e-03	1.80e-05
1876	4.56e-03	1.79e-05
1877	4.56e-03	1.78e-05
1878	4.56e-03	1.77e-05
1879	4.56e-03	1.76e-05
1880	4.56e-03	1.74e-05
1881	4.56e-03	1.73e-05
1882	4.56e-03	1.72e-05
1883	4.56e-03	1.71e-05
1884	4.56e-03	1.70e-05
1885	4.56e-03	1.69e-05
1886	4.56e-03	1.68e-05
1887	4.56e-03	1.67e-05
1888	4.56e-03	1.66e-05
1889	4.56e-03	1.65e-05
1890	4.56e-03	1.64e-05
1891	4.56e-03	1.63e-05
1892	4.56e-03	1.62e-05
1893	4.56e-03	1.61e-05
1894	4.56e-03	1.60e-05
1895	4.56e-03	1.59e-05
1896	4.56e-03	1.58e-05
1897	4.56e-03	1.57e-05
1898	4.56e-03	1.56e-05
1899	4.56e-03	1.55e-05
1900	4.56e-03	1.54e-05
1901	4.56e-03	1.53e-05
1902	4.56e-03	1.52e-05
1903	4.56e-03	1.51e-05
1904	4.56e-03	1.50e-05
1905	4.56e-03	1.49e-05
1906	4.56e-03	1.48e-05
1907	4.56e-03	1.47e-05
1908	4.56e-03	1.46e-05
1909	4.56e-03	1.45e-05
1910	4.56e-03	1.44e-05
1911	4.56e-03	1.44e-05
1912	4.56e-03	1.43e-05
1913	4.56e-03	1.42e-05
1914	4.56e-03	1.41e-05
1915	4.56e-03	1.40e-05
1916	4.56e-03	1.39e-05
1917	4.56e-03	1.38e-05
1918	4.56e-03	1.37e-05
1919	4.56e-03	1.36e-05
1920	4.56e-03	1.36e-05
1921	4.56e-03	1.35e-05
1922	4.56e-03	1.34e-05
1923	4.56e-03	1.33e-05
1924	4.56e-03	1.32e-05
1925	4.56e-03	1.31e-05
1926	4.56e-03	1.31e-05
1927	4.56e-03	1.30e-05
1928	4.56e-03	1.29e-05
1929	4.56e-03	1.28e-05
1930	4.56e-03	1.27e-05
1931	4.56e-03	1.26e-05
1932	4.56e-03	1.26e-05
1933	4.56e-03	1.25e-05
1934	4.56e-03	1.24e-05
1935	4.56e-03	1.23e-05
1936	4.56e-03	1.22e-05
1937	4.56e-03	1.22e-05
1938	4.56e-03	1.21e-05
1939	4.56e-03	1.20e-05
1940	4.56e-03	1.19e-05
1941	4.56e-03	1.19e-05
1942	4.56e-03	1.18e-05
1943	4.56e-03	1.17e-05
1944	4.56e-03	1.16e-05
1945	4.56e-03	1.16e-05
1946	4.56e-03	1.15e-05
1947	4.56e-03	1.14e-05
1948	4.56e-03	1.13e-05
1949	4.56e-03	1.13e-05
1950	4.56e-03	1.12e-05
1951	4.56e-03	1.11e-05
1952	4.56e-03	1.11e-05
1953	4.56e-03	1.10e-05
1954	4.56e-03	1.09e-05
1955	4.56e-03	1.09e-05
1956	4.56e-03	1.08e-05
1957	4.56e-03	1.07e-05
1958	4.56e-03	1.06e-05
1959	4.56e-03	1.06e-05
1960	4.56e-03	1.05e-05
1961	4.56e-03	1.04e-05
1962	4.56e-03	1.04e-05
1963	4.56e-03	1.03e-05
1964	4.56e-03	1.02e-05
1965	4.56e-03	1.02e-05
1966	4.56e-03	1.01e-05
1967	4.56e-03	1.01e-05
1968	4.56e-03	9.99e-06
