0	5.05e-03	1.29e+02
1	8.16e-04	6.58e+01
2	7.42e-04	5.24e+01
3	6.94e-04	4.23e+01
4	6.62e-04	3.44e+01
5	6.39e-04	2.82e+01
6	6.23e-04	2.34e+01
7	6.10e-04	1.96e+01
8	6.01e-04	1.67e+01
9	5.94e-04	1.44e+01
10	5.89e-04	1.26e+01
11	5.85e-04	1.11e+01
12	5.82e-04	1.00e+01
13	5.79e-04	9.07e+00
14	5.77e-04	8.31e+00
15	5.76e-04	7.68e+00
16	5.75e-04	7.13e+00
17	5.74e-04	6.67e+00
18	5.73e-04	6.25e+00
19	5.73e-04	5.89e+00
20	5.72e-04	5.56e+00
21	5.72e-04	5.27e+00
22	5.72e-04	5.00e+00
23	5.72e-04	4.76e+00
24	5.71e-04	4.54e+00
25	5.71e-04	4.33e+00
26	5.71e-04	4.15e+00
27	5.71e-04	3.97e+00
28	5.71e-04	3.81e+00
29	5.71e-04	3.66e+00
30	5.71e-04	3.52e+00
31	5.71e-04	3.40e+00
32	5.71e-04	3.28e+00
33	5.71e-04	3.16e+00
34	5.71e-04	3.06e+00
35	5.71e-04	2.96e+00
36	5.71e-04	2.87e+00
37	5.71e-04	2.78e+00
38	5.71e-04	2.70e+00
39	5.71e-04	2.63e+00
40	5.71e-04	2.55e+00
41	5.71e-04	2.49e+00
42	5.71e-04	2.42e+00
43	5.71e-04	2.36e+00
44	5.71e-04	2.31e+00
45	5.71e-04	2.25e+00
46	5.71e-04	2.20e+00
47	5.71e-04	2.15e+00
48	5.71e-04	2.11e+00
49	5.71e-04	2.06e+00
50	5.71e-04	2.02e+00
51	5.71e-04	1.98e+00
52	5.71e-04	1.94e+00
53	5.71e-04	1.91e+00
54	5.71e-04	1.87e+00
55	5.71e-04	1.84e+00
56	5.71e-04	1.81e+00
57	5.71e-04	1.78e+00
58	5.71e-04	1.75e+00
59	5.71e-04	1.72e+00
60	5.71e-04	1.70e+00
61	5.71e-04	1.67e+00
62	5.71e-04	1.65e+00
63	5.71e-04	1.62e+00
64	5.71e-04	1.60e+00
65	5.71e-04	1.58e+00
66	5.71e-04	1.56e+00
67	5.71e-04	1.54e+00
68	5.71e-04	1.52e+00
69	5.71e-04	1.50e+00
70	5.71e-04	1.48e+00
71	5.71e-04	1.46e+00
72	5.71e-04	1.44e+00
73	5.71e-04	1.43e+00
74	5.71e-04	1.41e+00
75	5.71e-04	1.40e+00
76	5.71e-04	1.38e+00
77	5.71e-04	1.37e+00
78	5.71e-04	1.35e+00
79	5.71e-04	1.34e+00
80	5.71e-04	1.32e+00
81	5.71e-04	1.31e+00
82	5.71e-04	1.30e+00
83	5.71e-04	1.29e+00
84	5.71e-04	1.27e+00
85	5.71e-04	1.26e+00
86	5.71e-04	1.25e+00
87	5.71e-04	1.24e+00
88	5.71e-04	1.23e+00
89	5.71e-04	1.22e+00
90	5.71e-04	1.20e+00
91	5.71e-04	1.19e+00
92	5.71e-04	1.18e+00
93	5.71e-04	1.17e+00
94	5.71e-04	1.16e+00
95	5.71e-04	1.15e+00
96	5.71e-04	1.14e+00
97	5.71e-04	1.14e+00
98	5.71e-04	1.13e+00
99	5.71e-04	1.12e+00
100	5.71e-04	1.11e+00
101	5.71e-04	1.10e+00
102	5.71e-04	1.09e+00
103	5.71e-04	1.08e+00
104	5.71e-04	1.07e+00
105	5.71e-04	1.07e+00
106	5.71e-04	1.06e+00
107	5.71e-04	1.05e+00
108	5.71e-04	1.04e+00
109	5.71e-04	1.04e+00
110	5.71e-04	1.03e+00
111	5.71e-04	1.02e+00
112	5.71e-04	1.01e+00
113	5.71e-04	1.01e+00
114	5.71e-04	9.99e-01
115	5.71e-04	9.92e-01
116	5.71e-04	9.85e-01
117	5.71e-04	9.78e-01
118	5.71e-04	9.71e-01
119	5.71e-04	9.65e-01
120	5.71e-04	9.58e-01
121	5.71e-04	9.52e-01
122	5.71e-04	9.45e-01
123	5.71e-04	9.39e-01
124	5.71e-04	9.33e-01
125	5.71e-04	9.27e-01
126	5.71e-04	9.21e-01
127	5.71e-04	9.15e-01
128	5.71e-04	9.09e-01
129	5.71e-04	9.03e-01
130	5.71e-04	8.97e-01
131	5.71e-04	8.91e-01
132	5.71e-04	8.86e-01
133	5.71e-04	8.80e-01
134	5.71e-04	8.74e-01
135	5.71e-04	8.69e-01
136	5.71e-04	8.64e-01
137	5.71e-04	8.58e-01
138	5.71e-04	8.53e-01
139	5.71e-04	8.48e-01
140	5.71e-04	8.42e-01
141	5.71e-04	8.37e-01
142	5.71e-04	8.32e-01
143	5.71e-04	8.27e-01
144	5.71e-04	8.22e-01
145	5.71e-04	8.17e-01
146	5.71e-04	8.12e-01
147	5.71e-04	8.07e-01
148	5.71e-04	8.03e-01
149	5.71e-04	7.98e-01
150	5.71e-04	7.93e-01
151	5.71e-04	7.88e-01
152	5.71e-04	7.84e-01
153	5.71e-04	7.79e-01
154	5.71e-04	7.75e-01
155	5.71e-04	7.70e-01
156	5.71e-04	7.66e-01
157	5.71e-04	7.61e-01
158	5.71e-04	7.57e-01
159	5.71e-04	7.53e-01
160	5.71e-04	7.48e-01
161	5.71e-04	7.44e-01
162	5.71e-04	7.40e-01
163	5.71e-04	7.36e-01
164	5.71e-04	7.31e-01
165	5.71e-04	7.27e-01
166	5.71e-04	7.23e-01
167	5.71e-04	7.19e-01
168	5.71e-04	7.15e-01
169	5.71e-04	7.11e-01
170	5.71e-04	7.07e-01
171	5.71e-04	7.03e-01
172	5.71e-04	6.99e-01
173	5.71e-04	6.96e-01
174	5.71e-04	6.92e-01
175	5.71e-04	6.88e-01
176	5.71e-04	6.84e-01
177	5.71e-04	6.80e-01
178	5.71e-04	6.77e-01
179	5.71e-04	6.73e-01
180	5.71e-04	6.69e-01
181	5.71e-04	6.66e-01
182	5.71e-04	6.62e-01
183	5.71e-04	6.59e-01
184	5.71e-04	6.55e-01
185	5.71e-04	6.52e-01
186	5.71e-04	6.48e-01
187	5.71e-04	6.45e-01
188	5.71e-04	6.41e-01
189	5.71e-04	6.38e-01
190	5.71e-04	6.34e-01
191	5.71e-04	6.31e-01
192	5.71e-04	6.28e-01
193	5.71e-04	6.24e-01
194	5.71e-04	6.21e-01
195	5.71e-04	6.18e-01
196	5.71e-04	6.15e-01
197	5.71e-04	6.11e-01
198	5.71e-04	6.08e-01
199	5.71e-04	6.05e-01
200	5.71e-04	6.02e-01
201	5.71e-04	5.99e-01
202	5.71e-04	5.96e-01
203	5.71e-04	5.93e-01
204	5.71e-04	5.90e-01
205	5.71e-04	5.87e-01
206	5.71e-04	5.84e-01
207	5.71e-04	5.81e-01
208	5.71e-04	5.78e-01
209	5.71e-04	5.75e-01
210	5.71e-04	5.72e-01
211	5.71e-04	5.69e-01
212	5.71e-04	5.66e-01
213	5.71e-04	5.63e-01
214	5.71e-04	5.60e-01
215	5.71e-04	5.57e-01
216	5.71e-04	5.55e-01
217	5.71e-04	5.52e-01
218	5.71e-04	5.49e-01
219	5.71e-04	5.46e-01
220	5.71e-04	5.44e-01
221	5.71e-04	5.41e-01
222	5.71e-04	5.38e-01
223	5.71e-04	5.35e-01
224	5.71e-04	5.33e-01
225	5.71e-04	5.30e-01
226	5.71e-04	5.27e-01
227	5.71e-04	5.25e-01
228	5.71e-04	5.22e-01
229	5.71e-04	5.20e-01
230	5.71e-04	5.17e-01
231	5.71e-04	5.15e-01
232	5.71e-04	5.12e-01
233	5.71e-04	5.10e-01
234	5.71e-04	5.07e-01
235	5.71e-04	5.05e-01
236	5.71e-04	5.02e-01
237	5.71e-04	5.00e-01
238	5.71e-04	4.97e-01
239	5.71e-04	4.95e-01
240	5.71e-04	4.92e-01
241	5.71e-04	4.90e-01
242	5.71e-04	4.88e-01
243	5.71e-04	4.85e-01
244	5.71e-04	4.83e-01
245	5.71e-04	4.81e-01
246	5.71e-04	4.78e-01
247	5.71e-04	4.76e-01
248	5.71e-04	4.74e-01
249	5.71e-04	4.72e-01
250	5.71e-04	4.69e-01
251	5.71e-04	4.67e-01
252	5.71e-04	4.65e-01
253	5.71e-04	4.63e-01
254	5.71e-04	4.60e-01
255	5.71e-04	4.58e-01
256	5.71e-04	4.56e-01
257	5.71e-04	4.54e-01
258	5.71e-04	4.52e-01
259	5.71e-04	4.50e-01
260	5.71e-04	4.47e-01
261	5.71e-04	4.45e-01
262	5.71e-04	4.43e-01
263	5.71e-04	4.41e-01
264	5.71e-04	4.39e-01
265	5.71e-04	4.37e-01
266	5.71e-04	4.35e-01
267	5.71e-04	4.33e-01
268	5.71e-04	4.31e-01
269	5.71e-04	4.29e-01
270	5.71e-04	4.27e-01
271	5.71e-04	4.25e-01
272	5.71e-04	4.23e-01
273	5.71e-04	4.21e-01
274	5.71e-04	4.19e-01
275	5.71e-04	4.17e-01
276	5.71e-04	4.15e-01
277	5.71e-04	4.13e-01
278	5.71e-04	4.11e-01
279	5.71e-04	4.10e-01
280	5.71e-04	4.08e-01
281	5.71e-04	4.06e-01
282	5.71e-04	4.04e-01
283	5.71e-04	4.02e-01
284	5.71e-04	4.00e-01
285	5.71e-04	3.98e-01
286	5.71e-04	3.97e-01
287	5.71e-04	3.95e-01
288	5.71e-04	3.93e-01
289	5.71e-04	3.91e-01
290	5.71e-04	3.89e-01
291	5.71e-04	3.88e-01
292	5.71e-04	3.86e-01
293	5.71e-04	3.84e-01
294	5.71e-04	3.82e-01
295	5.71e-04	3.81e-01
296	5.71e-04	3.79e-01
297	5.71e-04	3.77e-01
298	5.71e-04	3.76e-01
299	5.71e-04	3.74e-01
300	5.71e-04	3.72e-01
301	5.71e-04	3.71e-01
302	5.71e-04	3.69e-01
303	5.71e-04	3.67e-01
304	5.71e-04	3.66e-01
305	5.71e-04	3.64e-01
306	5.71e-04	3.62e-01
307	5.71e-04	3.61e-01
308	5.71e-04	3.59e-01
309	5.71e-04	3.57e-01
310	5.71e-04	3.56e-01
311	5.71e-04	3.54e-01
312	5.71e-04	3.53e-01
313	5.71e-04	3.51e-01
314	5.71e-04	3.50e-01
315	5.71e-04	3.48e-01
316	5.71e-04	3.47e-01
317	5.71e-04	3.45e-01
318	5.71e-04	3.43e-01
319	5.71e-04	3.42e-01
320	5.71e-04	3.40e-01
321	5.71e-04	3.39e-01
322	5.71e-04	3.37e-01
323	5.71e-04	3.36e-01
324	5.71e-04	3.35e-01
325	5.71e-04	3.33e-01
326	5.71e-04	3.32e-01
327	5.71e-04	3.30e-01
328	5.71e-04	3.29e-01
329	5.71e-04	3.27e-01
330	5.71e-04	3.26e-01
331	5.71e-04	3.24e-01
332	5.71e-04	3.23e-01
333	5.71e-04	3.22e-01
334	5.71e-04	3.20e-01
335	5.71e-04	3.19e-01
336	5.71e-04	3.17e-01
337	5.71e-04	3.16e-01
338	5.71e-04	3.15e-01
339	5.71e-04	3.13e-01
340	5.71e-04	3.12e-01
341	5.71e-04	3.11e-01
342	5.71e-04	3.09e-01
343	5.71e-04	3.08e-01
344	5.71e-04	3.07e-01
345	5.71e-04	3.05e-01
346	5.71e-04	3.04e-01
347	5.71e-04	3.03e-01
348	5.71e-04	3.01e-01
349	5.71e-04	3.00e-01
350	5.71e-04	2.99e-01
351	5.71e-04	2.98e-01
352	5.71e-04	2.96e-01
353	5.71e-04	2.95e-01
354	5.71e-04	2.94e-01
355	5.71e-04	2.93e-01
356	5.71e-04	2.91e-01
357	5.71e-04	2.90e-01
358	5.71e-04	2.89e-01
359	5.71e-04	2.88e-01
360	5.71e-04	2.86e-01
361	5.71e-04	2.85e-01
362	5.71e-04	2.84e-01
363	5.71e-04	2.83e-01
364	5.71e-04	2.82e-01
365	5.71e-04	2.80e-01
366	5.71e-04	2.79e-01
367	5.71e-04	2.78e-01
368	5.71e-04	2.77e-01
369	5.71e-04	2.76e-01
370	5.71e-04	2.75e-01
371	5.71e-04	2.73e-01
372	5.71e-04	2.72e-01
373	5.71e-04	2.71e-01
374	5.71e-04	2.70e-01
375	5.71e-04	2.69e-01
376	5.71e-04	2.68e-01
377	5.71e-04	2.67e-01
378	5.71e-04	2.65e-01
379	5.71e-04	2.64e-01
380	5.71e-04	2.63e-01
381	5.71e-04	2.62e-01
382	5.71e-04	2.61e-01
383	5.71e-04	2.60e-01
384	5.71e-04	2.59e-01
385	5.71e-04	2.58e-01
386	5.71e-04	2.57e-01
387	5.71e-04	2.56e-01
388	5.71e-04	2.55e-01
389	5.71e-04	2.54e-01
390	5.71e-04	2.53e-01
391	5.71e-04	2.51e-01
392	5.71e-04	2.50e-01
393	5.71e-04	2.49e-01
394	5.71e-04	2.48e-01
395	5.71e-04	2.47e-01
396	5.71e-04	2.46e-01
397	5.71e-04	2.45e-01
398	5.71e-04	2.44e-01
399	5.71e-04	2.43e-01
400	5.71e-04	2.42e-01
401	5.71e-04	2.41e-01
402	5.71e-04	2.40e-01
403	5.71e-04	2.39e-01
404	5.71e-04	2.38e-01
405	5.71e-04	2.37e-01
406	5.71e-04	2.36e-01
407	5.71e-04	2.35e-01
408	5.71e-04	2.34e-01
409	5.71e-04	2.34e-01
410	5.71e-04	2.33e-01
411	5.71e-04	2.32e-01
412	5.71e-04	2.31e-01
413	5.71e-04	2.30e-01
414	5.71e-04	2.29e-01
415	5.71e-04	2.28e-01
416	5.71e-04	2.27e-01
417	5.71e-04	2.26e-01
418	5.71e-04	2.25e-01
419	5.71e-04	2.24e-01
420	5.71e-04	2.23e-01
421	5.71e-04	2.22e-01
422	5.71e-04	2.22e-01
423	5.71e-04	2.21e-01
424	5.71e-04	2.20e-01
425	5.71e-04	2.19e-01
426	5.71e-04	2.18e-01
427	5.71e-04	2.17e-01
428	5.71e-04	2.16e-01
429	5.71e-04	2.15e-01
430	5.71e-04	2.14e-01
431	5.71e-04	2.14e-01
432	5.71e-04	2.13e-01
433	5.71e-04	2.12e-01
434	5.71e-04	2.11e-01
435	5.71e-04	2.10e-01
436	5.71e-04	2.09e-01
437	5.71e-04	2.09e-01
438	5.71e-04	2.08e-01
439	5.71e-04	2.07e-01
440	5.71e-04	2.06e-01
441	5.71e-04	2.05e-01
442	5.71e-04	2.04e-01
443	5.71e-04	2.04e-01
444	5.71e-04	2.03e-01
445	5.71e-04	2.02e-01
446	5.71e-04	2.01e-01
447	5.71e-04	2.00e-01
448	5.71e-04	2.00e-01
449	5.71e-04	1.99e-01
450	5.71e-04	1.98e-01
451	5.71e-04	1.97e-01
452	5.71e-04	1.96e-01
453	5.71e-04	1.96e-01
454	5.71e-04	1.95e-01
455	5.71e-04	1.94e-01
456	5.71e-04	1.93e-01
457	5.71e-04	1.93e-01
458	5.71e-04	1.92e-01
459	5.71e-04	1.91e-01
460	5.71e-04	1.90e-01
461	5.71e-04	1.89e-01
462	5.71e-04	1.89e-01
463	5.71e-04	1.88e-01
464	5.71e-04	1.87e-01
465	5.71e-04	1.87e-01
466	5.71e-04	1.86e-01
467	5.71e-04	1.85e-01
468	5.71e-04	1.84e-01
469	5.71e-04	1.84e-01
470	5.71e-04	1.83e-01
471	5.71e-04	1.82e-01
472	5.71e-04	1.81e-01
473	5.71e-04	1.81e-01
474	5.71e-04	1.80e-01
475	5.71e-04	1.79e-01
476	5.71e-04	1.79e-01
477	5.71e-04	1.78e-01
478	5.71e-04	1.77e-01
479	5.71e-04	1.77e-01
480	5.71e-04	1.76e-01
481	5.71e-04	1.75e-01
482	5.71e-04	1.74e-01
483	5.71e-04	1.74e-01
484	5.71e-04	1.73e-01
485	5.71e-04	1.72e-01
486	5.71e-04	1.72e-01
487	5.71e-04	1.71e-01
488	5.71e-04	1.70e-01
489	5.71e-04	1.70e-01
490	5.71e-04	1.69e-01
491	5.71e-04	1.68e-01
492	5.71e-04	1.68e-01
493	5.71e-04	1.67e-01
494	5.71e-04	1.67e-01
495	5.71e-04	1.66e-01
496	5.71e-04	1.65e-01
497	5.71e-04	1.65e-01
498	5.71e-04	1.64e-01
499	5.71e-04	1.63e-01
500	5.71e-04	1.63e-01
501	5.71e-04	1.62e-01
502	5.71e-04	1.61e-01
503	5.71e-04	1.61e-01
504	5.71e-04	1.60e-01
505	5.71e-04	1.60e-01
506	5.71e-04	1.59e-01
507	5.71e-04	1.58e-01
508	5.71e-04	1.58e-01
509	5.71e-04	1.57e-01
510	5.71e-04	1.57e-01
511	5.71e-04	1.56e-01
512	5.71e-04	1.55e-01
513	5.71e-04	1.55e-01
514	5.71e-04	1.54e-01
515	5.71e-04	1.54e-01
516	5.71e-04	1.53e-01
517	5.71e-04	1.52e-01
518	5.71e-04	1.52e-01
519	5.71e-04	1.51e-01
520	5.71e-04	1.51e-01
521	5.71e-04	1.50e-01
522	5.71e-04	1.49e-01
523	5.71e-04	1.49e-01
524	5.71e-04	1.48e-01
525	5.71e-04	1.48e-01
526	5.71e-04	1.47e-01
527	5.71e-04	1.47e-01
528	5.71e-04	1.46e-01
529	5.71e-04	1.46e-01
530	5.71e-04	1.45e-01
531	5.71e-04	1.44e-01
532	5.71e-04	1.44e-01
533	5.71e-04	1.43e-01
534	5.71e-04	1.43e-01
535	5.71e-04	1.42e-01
536	5.71e-04	1.42e-01
537	5.71e-04	1.41e-01
538	5.71e-04	1.41e-01
539	5.71e-04	1.40e-01
540	5.71e-04	1.40e-01
541	5.71e-04	1.39e-01
542	5.71e-04	1.38e-01
543	5.71e-04	1.38e-01
544	5.71e-04	1.37e-01
545	5.71e-04	1.37e-01
546	5.71e-04	1.36e-01
547	5.71e-04	1.36e-01
548	5.71e-04	1.35e-01
549	5.71e-04	1.35e-01
550	5.71e-04	1.34e-01
551	5.71e-04	1.34e-01
552	5.71e-04	1.33e-01
553	5.71e-04	1.33e-01
554	5.71e-04	1.32e-01
555	5.71e-04	1.32e-01
556	5.71e-04	1.31e-01
557	5.71e-04	1.31e-01
558	5.71e-04	1.30e-01
559	5.71e-04	1.30e-01
560	5.71e-04	1.29e-01
561	5.71e-04	1.29e-01
562	5.71e-04	1.28e-01
563	5.71e-04	1.28e-01
564	5.71e-04	1.27e-01
565	5.71e-04	1.27e-01
566	5.71e-04	1.26e-01
567	5.71e-04	1.26e-01
568	5.71e-04	1.26e-01
569	5.71e-04	1.25e-01
570	5.71e-04	1.25e-01
571	5.71e-04	1.24e-01
572	5.71e-04	1.24e-01
573	5.71e-04	1.23e-01
574	5.71e-04	1.23e-01
575	5.71e-04	1.22e-01
576	5.71e-04	1.22e-01
577	5.71e-04	1.21e-01
578	5.71e-04	1.21e-01
579	5.71e-04	1.20e-01
580	5.71e-04	1.20e-01
581	5.71e-04	1.20e-01
582	5.71e-04	1.19e-01
583	5.71e-04	1.19e-01
584	5.71e-04	1.18e-01
585	5.71e-04	1.18e-01
586	5.71e-04	1.17e-01
587	5.71e-04	1.17e-01
588	5.71e-04	1.16e-01
589	5.71e-04	1.16e-01
590	5.71e-04	1.16e-01
591	5.71e-04	1.15e-01
592	5.71e-04	1.15e-01
593	5.71e-04	1.14e-01
594	5.71e-04	1.14e-01
595	5.71e-04	1.13e-01
596	5.71e-04	1.13e-01
597	5.71e-04	1.13e-01
598	5.71e-04	1.12e-01
599	5.71e-04	1.12e-01
600	5.71e-04	1.11e-01
601	5.71e-04	1.11e-01
602	5.71e-04	1.11e-01
603	5.71e-04	1.10e-01
604	5.71e-04	1.10e-01
605	5.71e-04	1.09e-01
606	5.71e-04	1.09e-01
607	5.71e-04	1.09e-01
608	5.71e-04	1.08e-01
609	5.71e-04	1.08e-01
610	5.71e-04	1.07e-01
611	5.71e-04	1.07e-01
612	5.71e-04	1.07e-01
613	5.71e-04	1.06e-01
614	5.71e-04	1.06e-01
615	5.71e-04	1.05e-01
616	5.71e-04	1.05e-01
617	5.71e-04	1.05e-01
618	5.71e-04	1.04e-01
619	5.71e-04	1.04e-01
620	5.71e-04	1.03e-01
621	5.71e-04	1.03e-01
622	5.71e-04	1.03e-01
623	5.71e-04	1.02e-01
624	5.71e-04	1.02e-01
625	5.71e-04	1.02e-01
626	5.71e-04	1.01e-01
627	5.71e-04	1.01e-01
628	5.71e-04	1.00e-01
629	5.71e-04	1.00e-01
630	5.71e-04	9.97e-02
631	5.71e-04	9.94e-02
632	5.71e-04	9.90e-02
633	5.71e-04	9.86e-02
634	5.71e-04	9.83e-02
635	5.71e-04	9.79e-02
636	5.71e-04	9.76e-02
637	5.71e-04	9.72e-02
638	5.71e-04	9.69e-02
639	5.71e-04	9.65e-02
640	5.71e-04	9.61e-02
641	5.71e-04	9.58e-02
642	5.71e-04	9.54e-02
643	5.71e-04	9.51e-02
644	5.71e-04	9.47e-02
645	5.71e-04	9.44e-02
646	5.71e-04	9.41e-02
647	5.71e-04	9.37e-02
648	5.71e-04	9.34e-02
649	5.71e-04	9.30e-02
650	5.71e-04	9.27e-02
651	5.71e-04	9.24e-02
652	5.71e-04	9.20e-02
653	5.71e-04	9.17e-02
654	5.71e-04	9.14e-02
655	5.71e-04	9.10e-02
656	5.71e-04	9.07e-02
657	5.71e-04	9.04e-02
658	5.71e-04	9.00e-02
659	5.71e-04	8.97e-02
660	5.71e-04	8.94e-02
661	5.71e-04	8.91e-02
662	5.71e-04	8.87e-02
663	5.71e-04	8.84e-02
664	5.71e-04	8.81e-02
665	5.71e-04	8.78e-02
666	5.71e-04	8.74e-02
667	5.71e-04	8.71e-02
668	5.71e-04	8.68e-02
669	5.71e-04	8.65e-02
670	5.71e-04	8.62e-02
671	5.71e-04	8.59e-02
672	5.71e-04	8.56e-02
673	5.71e-04	8.53e-02
674	5.71e-04	8.49e-02
675	5.71e-04	8.46e-02
676	5.71e-04	8.43e-02
677	5.71e-04	8.40e-02
678	5.71e-04	8.37e-02
679	5.71e-04	8.34e-02
680	5.71e-04	8.31e-02
681	5.71e-04	8.28e-02
682	5.71e-04	8.25e-02
683	5.71e-04	8.22e-02
684	5.71e-04	8.19e-02
685	5.71e-04	8.16e-02
686	5.71e-04	8.13e-02
687	5.71e-04	8.10e-02
688	5.71e-04	8.08e-02
689	5.71e-04	8.05e-02
690	5.71e-04	8.02e-02
691	5.71e-04	7.99e-02
692	5.71e-04	7.96e-02
693	5.71e-04	7.93e-02
694	5.71e-04	7.90e-02
695	5.71e-04	7.87e-02
696	5.71e-04	7.85e-02
697	5.71e-04	7.82e-02
698	5.71e-04	7.79e-02
699	5.71e-04	7.76e-02
700	5.71e-04	7.73e-02
701	5.71e-04	7.71e-02
702	5.71e-04	7.68e-02
703	5.71e-04	7.65e-02
704	5.71e-04	7.62e-02
705	5.71e-04	7.60e-02
706	5.71e-04	7.57e-02
707	5.71e-04	7.54e-02
708	5.71e-04	7.51e-02
709	5.71e-04	7.49e-02
710	5.71e-04	7.46e-02
711	5.71e-04	7.43e-02
712	5.71e-04	7.41e-02
713	5.71e-04	7.38e-02
714	5.71e-04	7.35e-02
715	5.71e-04	7.33e-02
716	5.71e-04	7.30e-02
717	5.71e-04	7.28e-02
718	5.71e-04	7.25e-02
719	5.71e-04	7.22e-02
720	5.71e-04	7.20e-02
721	5.71e-04	7.17e-02
722	5.71e-04	7.15e-02
723	5.71e-04	7.12e-02
724	5.71e-04	7.10e-02
725	5.71e-04	7.07e-02
726	5.71e-04	7.04e-02
727	5.71e-04	7.02e-02
728	5.71e-04	6.99e-02
729	5.71e-04	6.97e-02
730	5.71e-04	6.94e-02
731	5.71e-04	6.92e-02
732	5.71e-04	6.90e-02
733	5.71e-04	6.87e-02
734	5.71e-04	6.85e-02
735	5.71e-04	6.82e-02
736	5.71e-04	6.80e-02
737	5.71e-04	6.77e-02
738	5.71e-04	6.75e-02
739	5.71e-04	6.73e-02
740	5.71e-04	6.70e-02
741	5.71e-04	6.68e-02
742	5.71e-04	6.65e-02
743	5.71e-04	6.63e-02
744	5.71e-04	6.61e-02
745	5.71e-04	6.58e-02
746	5.71e-04	6.56e-02
747	5.71e-04	6.54e-02
748	5.71e-04	6.51e-02
749	5.71e-04	6.49e-02
750	5.71e-04	6.47e-02
751	5.71e-04	6.44e-02
752	5.71e-04	6.42e-02
753	5.71e-04	6.40e-02
754	5.71e-04	6.38e-02
755	5.71e-04	6.35e-02
756	5.71e-04	6.33e-02
757	5.71e-04	6.31e-02
758	5.71e-04	6.29e-02
759	5.71e-04	6.26e-02
760	5.71e-04	6.24e-02
761	5.71e-04	6.22e-02
762	5.71e-04	6.20e-02
763	5.71e-04	6.18e-02
764	5.71e-04	6.15e-02
765	5.71e-04	6.13e-02
766	5.71e-04	6.11e-02
767	5.71e-04	6.09e-02
768	5.71e-04	6.07e-02
769	5.71e-04	6.05e-02
770	5.71e-04	6.02e-02
771	5.71e-04	6.00e-02
772	5.71e-04	5.98e-02
773	5.71e-04	5.96e-02
774	5.71e-04	5.94e-02
775	5.71e-04	5.92e-02
776	5.71e-04	5.90e-02
777	5.71e-04	5.88e-02
778	5.71e-04	5.86e-02
779	5.71e-04	5.84e-02
780	5.71e-04	5.81e-02
781	5.71e-04	5.79e-02
782	5.71e-04	5.77e-02
783	5.71e-04	5.75e-02
784	5.71e-04	5.73e-02
785	5.71e-04	5.71e-02
786	5.71e-04	5.69e-02
787	5.71e-04	5.67e-02
788	5.71e-04	5.65e-02
789	5.71e-04	5.63e-02
790	5.71e-04	5.61e-02
791	5.71e-04	5.59e-02
792	5.71e-04	5.57e-02
793	5.71e-04	5.55e-02
794	5.71e-04	5.53e-02
795	5.71e-04	5.52e-02
796	5.71e-04	5.50e-02
797	5.71e-04	5.48e-02
798	5.71e-04	5.46e-02
799	5.71e-04	5.44e-02
800	5.71e-04	5.42e-02
801	5.71e-04	5.40e-02
802	5.71e-04	5.38e-02
803	5.71e-04	5.36e-02
804	5.71e-04	5.34e-02
805	5.71e-04	5.32e-02
806	5.71e-04	5.31e-02
807	5.71e-04	5.29e-02
808	5.71e-04	5.27e-02
809	5.71e-04	5.25e-02
810	5.71e-04	5.23e-02
811	5.71e-04	5.21e-02
812	5.71e-04	5.19e-02
813	5.71e-04	5.18e-02
814	5.71e-04	5.16e-02
815	5.71e-04	5.14e-02
816	5.71e-04	5.12e-02
817	5.71e-04	5.10e-02
818	5.71e-04	5.09e-02
819	5.71e-04	5.07e-02
820	5.71e-04	5.05e-02
821	5.71e-04	5.03e-02
822	5.71e-04	5.02e-02
823	5.71e-04	5.00e-02
824	5.71e-04	4.98e-02
825	5.71e-04	4.96e-02
826	5.71e-04	4.95e-02
827	5.71e-04	4.93e-02
828	5.71e-04	4.91e-02
829	5.71e-04	4.89e-02
830	5.71e-04	4.88e-02
831	5.71e-04	4.86e-02
832	5.71e-04	4.84e-02
833	5.71e-04	4.83e-02
834	5.71e-04	4.81e-02
835	5.71e-04	4.79e-02
836	5.71e-04	4.78e-02
837	5.71e-04	4.76e-02
838	5.71e-04	4.74e-02
839	5.71e-04	4.73e-02
840	5.71e-04	4.71e-02
841	5.71e-04	4.69e-02
842	5.71e-04	4.68e-02
843	5.71e-04	4.66e-02
844	5.71e-04	4.64e-02
845	5.71e-04	4.63e-02
846	5.71e-04	4.61e-02
847	5.71e-04	4.60e-02
848	5.71e-04	4.58e-02
849	5.71e-04	4.56e-02
850	5.71e-04	4.55e-02
851	5.71e-04	4.53e-02
852	5.71e-04	4.52e-02
853	5.71e-04	4.50e-02
854	5.71e-04	4.48e-02
855	5.71e-04	4.47e-02
856	5.71e-04	4.45e-02
857	5.71e-04	4.44e-02
858	5.71e-04	4.42e-02
859	5.71e-04	4.41e-02
860	5.71e-04	4.39e-02
861	5.71e-04	4.38e-02
862	5.71e-04	4.36e-02
863	5.71e-04	4.35e-02
864	5.71e-04	4.33e-02
865	5.71e-04	4.32e-02
866	5.71e-04	4.30e-02
867	5.71e-04	4.29e-02
868	5.71e-04	4.27e-02
869	5.71e-04	4.26e-02
870	5.71e-04	4.24e-02
871	5.71e-04	4.23e-02
872	5.71e-04	4.21e-02
873	5.71e-04	4.20e-02
874	5.71e-04	4.18e-02
875	5.71e-04	4.17e-02
876	5.71e-04	4.15e-02
877	5.71e-04	4.14e-02
878	5.71e-04	4.13e-02
879	5.71e-04	4.11e-02
880	5.71e-04	4.10e-02
881	5.71e-04	4.08e-02
882	5.71e-04	4.07e-02
883	5.71e-04	4.05e-02
884	5.71e-04	4.04e-02
885	5.71e-04	4.03e-02
886	5.71e-04	4.01e-02
887	5.71e-04	4.00e-02
888	5.71e-04	3.98e-02
889	5.71e-04	3.97e-02
890	5.71e-04	3.96e-02
891	5.71e-04	3.94e-02
892	5.71e-04	3.93e-02
893	5.71e-04	3.92e-02
894	5.71e-04	3.90e-02
895	5.71e-04	3.89e-02
896	5.71e-04	3.88e-02
897	5.71e-04	3.86e-02
898	5.71e-04	3.85e-02
899	5.71e-04	3.84e-02
900	5.71e-04	3.82e-02
901	5.71e-04	3.81e-02
902	5.71e-04	3.80e-02
903	5.71e-04	3.78e-02
904	5.71e-04	3.77e-02
905	5.71e-04	3.76e-02
906	5.71e-04	3.74e-02
907	5.71e-04	3.73e-02
908	5.71e-04	3.72e-02
909	5.71e-04	3.71e-02
910	5.71e-04	3.69e-02
911	5.71e-04	3.68e-02
912	5.71e-04	3.67e-02
913	5.71e-04	3.65e-02
914	5.71e-04	3.64e-02
915	5.71e-04	3.63e-02
916	5.71e-04	3.62e-02
917	5.71e-04	3.60e-02
918	5.71e-04	3.59e-02
919	5.71e-04	3.58e-02
920	5.71e-04	3.57e-02
921	5.71e-04	3.55e-02
922	5.71e-04	3.54e-02
923	5.71e-04	3.53e-02
924	5.71e-04	3.52e-02
925	5.71e-04	3.51e-02
926	5.71e-04	3.49e-02
927	5.71e-04	3.48e-02
928	5.71e-04	3.47e-02
929	5.71e-04	3.46e-02
930	5.71e-04	3.45e-02
931	5.71e-04	3.43e-02
932	5.71e-04	3.42e-02
933	5.71e-04	3.41e-02
934	5.71e-04	3.40e-02
935	5.71e-04	3.39e-02
936	5.71e-04	3.38e-02
937	5.71e-04	3.36e-02
938	5.71e-04	3.35e-02
939	5.71e-04	3.34e-02
940	5.71e-04	3.33e-02
941	5.71e-04	3.32e-02
942	5.71e-04	3.31e-02
943	5.71e-04	3.29e-02
944	5.71e-04	3.28e-02
945	5.71e-04	3.27e-02
946	5.71e-04	3.26e-02
947	5.71e-04	3.25e-02
948	5.71e-04	3.24e-02
949	5.71e-04	3.23e-02
950	5.71e-04	3.22e-02
951	5.71e-04	3.21e-02
952	5.71e-04	3.19e-02
953	5.71e-04	3.18e-02
954	5.71e-04	3.17e-02
955	5.71e-04	3.16e-02
956	5.71e-04	3.15e-02
957	5.71e-04	3.14e-02
958	5.71e-04	3.13e-02
959	5.71e-04	3.12e-02
960	5.71e-04	3.11e-02
961	5.71e-04	3.10e-02
962	5.71e-04	3.09e-02
963	5.71e-04	3.08e-02
964	5.71e-04	3.07e-02
965	5.71e-04	3.05e-02
966	5.71e-04	3.04e-02
967	5.71e-04	3.03e-02
968	5.71e-04	3.02e-02
969	5.71e-04	3.01e-02
970	5.71e-04	3.00e-02
971	5.71e-04	2.99e-02
972	5.71e-04	2.98e-02
973	5.71e-04	2.97e-02
974	5.71e-04	2.96e-02
975	5.71e-04	2.95e-02
976	5.71e-04	2.94e-02
977	5.71e-04	2.93e-02
978	5.71e-04	2.92e-02
979	5.71e-04	2.91e-02
980	5.71e-04	2.90e-02
981	5.71e-04	2.89e-02
982	5.71e-04	2.88e-02
983	5.71e-04	2.87e-02
984	5.71e-04	2.86e-02
985	5.71e-04	2.85e-02
986	5.71e-04	2.84e-02
987	5.71e-04	2.83e-02
988	5.71e-04	2.82e-02
989	5.71e-04	2.81e-02
990	5.71e-04	2.80e-02
991	5.71e-04	2.79e-02
992	5.71e-04	2.78e-02
993	5.71e-04	2.77e-02
994	5.71e-04	2.77e-02
995	5.71e-04	2.76e-02
996	5.71e-04	2.75e-02
997	5.71e-04	2.74e-02
998	5.71e-04	2.73e-02
999	5.71e-04	2.72e-02
1000	5.71e-04	2.71e-02
1001	5.71e-04	2.70e-02
1002	5.71e-04	2.69e-02
1003	5.71e-04	2.68e-02
1004	5.71e-04	2.67e-02
1005	5.71e-04	2.66e-02
1006	5.71e-04	2.65e-02
1007	5.71e-04	2.65e-02
1008	5.71e-04	2.64e-02
1009	5.71e-04	2.63e-02
1010	5.71e-04	2.62e-02
1011	5.71e-04	2.61e-02
1012	5.71e-04	2.60e-02
1013	5.71e-04	2.59e-02
1014	5.71e-04	2.58e-02
1015	5.71e-04	2.57e-02
1016	5.71e-04	2.56e-02
1017	5.71e-04	2.56e-02
1018	5.71e-04	2.55e-02
1019	5.71e-04	2.54e-02
1020	5.71e-04	2.53e-02
1021	5.71e-04	2.52e-02
1022	5.71e-04	2.51e-02
1023	5.71e-04	2.50e-02
1024	5.71e-04	2.50e-02
1025	5.71e-04	2.49e-02
1026	5.71e-04	2.48e-02
1027	5.71e-04	2.47e-02
1028	5.71e-04	2.46e-02
1029	5.71e-04	2.45e-02
1030	5.71e-04	2.45e-02
1031	5.71e-04	2.44e-02
1032	5.71e-04	2.43e-02
1033	5.71e-04	2.42e-02
1034	5.71e-04	2.41e-02
1035	5.71e-04	2.40e-02
1036	5.71e-04	2.40e-02
1037	5.71e-04	2.39e-02
1038	5.71e-04	2.38e-02
1039	5.71e-04	2.37e-02
1040	5.71e-04	2.36e-02
1041	5.71e-04	2.36e-02
1042	5.71e-04	2.35e-02
1043	5.71e-04	2.34e-02
1044	5.71e-04	2.33e-02
1045	5.71e-04	2.32e-02
1046	5.71e-04	2.32e-02
1047	5.71e-04	2.31e-02
1048	5.71e-04	2.30e-02
1049	5.71e-04	2.29e-02
1050	5.71e-04	2.28e-02
1051	5.71e-04	2.28e-02
1052	5.71e-04	2.27e-02
1053	5.71e-04	2.26e-02
1054	5.71e-04	2.25e-02
1055	5.71e-04	2.25e-02
1056	5.71e-04	2.24e-02
1057	5.71e-04	2.23e-02
1058	5.71e-04	2.22e-02
1059	5.71e-04	2.22e-02
1060	5.71e-04	2.21e-02
1061	5.71e-04	2.20e-02
1062	5.71e-04	2.19e-02
1063	5.71e-04	2.19e-02
1064	5.71e-04	2.18e-02
1065	5.71e-04	2.17e-02
1066	5.71e-04	2.16e-02
1067	5.71e-04	2.16e-02
1068	5.71e-04	2.15e-02
1069	5.71e-04	2.14e-02
1070	5.71e-04	2.13e-02
1071	5.71e-04	2.13e-02
1072	5.71e-04	2.12e-02
1073	5.71e-04	2.11e-02
1074	5.71e-04	2.10e-02
1075	5.71e-04	2.10e-02
1076	5.71e-04	2.09e-02
1077	5.71e-04	2.08e-02
1078	5.71e-04	2.08e-02
1079	5.71e-04	2.07e-02
1080	5.71e-04	2.06e-02
1081	5.71e-04	2.06e-02
1082	5.71e-04	2.05e-02
1083	5.71e-04	2.04e-02
1084	5.71e-04	2.03e-02
1085	5.71e-04	2.03e-02
1086	5.71e-04	2.02e-02
1087	5.71e-04	2.01e-02
1088	5.71e-04	2.01e-02
1089	5.71e-04	2.00e-02
1090	5.71e-04	1.99e-02
1091	5.71e-04	1.99e-02
1092	5.71e-04	1.98e-02
1093	5.71e-04	1.97e-02
1094	5.71e-04	1.97e-02
1095	5.71e-04	1.96e-02
1096	5.71e-04	1.95e-02
1097	5.71e-04	1.95e-02
1098	5.71e-04	1.94e-02
1099	5.71e-04	1.93e-02
1100	5.71e-04	1.93e-02
1101	5.71e-04	1.92e-02
1102	5.71e-04	1.91e-02
1103	5.71e-04	1.91e-02
1104	5.71e-04	1.90e-02
1105	5.71e-04	1.89e-02
1106	5.71e-04	1.89e-02
1107	5.71e-04	1.88e-02
1108	5.71e-04	1.88e-02
1109	5.71e-04	1.87e-02
1110	5.71e-04	1.86e-02
1111	5.71e-04	1.86e-02
1112	5.71e-04	1.85e-02
1113	5.71e-04	1.84e-02
1114	5.71e-04	1.84e-02
1115	5.71e-04	1.83e-02
1116	5.71e-04	1.83e-02
1117	5.71e-04	1.82e-02
1118	5.71e-04	1.81e-02
1119	5.71e-04	1.81e-02
1120	5.71e-04	1.80e-02
1121	5.71e-04	1.79e-02
1122	5.71e-04	1.79e-02
1123	5.71e-04	1.78e-02
1124	5.71e-04	1.78e-02
1125	5.71e-04	1.77e-02
1126	5.71e-04	1.76e-02
1127	5.71e-04	1.76e-02
1128	5.71e-04	1.75e-02
1129	5.71e-04	1.75e-02
1130	5.71e-04	1.74e-02
1131	5.71e-04	1.73e-02
1132	5.71e-04	1.73e-02
1133	5.71e-04	1.72e-02
1134	5.71e-04	1.72e-02
1135	5.71e-04	1.71e-02
1136	5.71e-04	1.71e-02
1137	5.71e-04	1.70e-02
1138	5.71e-04	1.69e-02
1139	5.71e-04	1.69e-02
1140	5.71e-04	1.68e-02
1141	5.71e-04	1.68e-02
1142	5.71e-04	1.67e-02
1143	5.71e-04	1.67e-02
1144	5.71e-04	1.66e-02
1145	5.71e-04	1.65e-02
1146	5.71e-04	1.65e-02
1147	5.71e-04	1.64e-02
1148	5.71e-04	1.64e-02
1149	5.71e-04	1.63e-02
1150	5.71e-04	1.63e-02
1151	5.71e-04	1.62e-02
1152	5.71e-04	1.62e-02
1153	5.71e-04	1.61e-02
1154	5.71e-04	1.61e-02
1155	5.71e-04	1.60e-02
1156	5.71e-04	1.59e-02
1157	5.71e-04	1.59e-02
1158	5.71e-04	1.58e-02
1159	5.71e-04	1.58e-02
1160	5.71e-04	1.57e-02
1161	5.71e-04	1.57e-02
1162	5.71e-04	1.56e-02
1163	5.71e-04	1.56e-02
1164	5.71e-04	1.55e-02
1165	5.71e-04	1.55e-02
1166	5.71e-04	1.54e-02
1167	5.71e-04	1.54e-02
1168	5.71e-04	1.53e-02
1169	5.71e-04	1.53e-02
1170	5.71e-04	1.52e-02
1171	5.71e-04	1.52e-02
1172	5.71e-04	1.51e-02
1173	5.71e-04	1.51e-02
1174	5.71e-04	1.50e-02
1175	5.71e-04	1.50e-02
1176	5.71e-04	1.49e-02
1177	5.71e-04	1.49e-02
1178	5.71e-04	1.48e-02
1179	5.71e-04	1.48e-02
1180	5.71e-04	1.47e-02
1181	5.71e-04	1.47e-02
1182	5.71e-04	1.46e-02
1183	5.71e-04	1.46e-02
1184	5.71e-04	1.45e-02
1185	5.71e-04	1.45e-02
1186	5.71e-04	1.44e-02
1187	5.71e-04	1.44e-02
1188	5.71e-04	1.43e-02
1189	5.71e-04	1.43e-02
1190	5.71e-04	1.42e-02
1191	5.71e-04	1.42e-02
1192	5.71e-04	1.41e-02
1193	5.71e-04	1.41e-02
1194	5.71e-04	1.40e-02
1195	5.71e-04	1.40e-02
1196	5.71e-04	1.39e-02
1197	5.71e-04	1.39e-02
1198	5.71e-04	1.38e-02
1199	5.71e-04	1.38e-02
1200	5.71e-04	1.37e-02
1201	5.71e-04	1.37e-02
1202	5.71e-04	1.37e-02
1203	5.71e-04	1.36e-02
1204	5.71e-04	1.36e-02
1205	5.71e-04	1.35e-02
1206	5.71e-04	1.35e-02
1207	5.71e-04	1.34e-02
1208	5.71e-04	1.34e-02
1209	5.71e-04	1.33e-02
1210	5.71e-04	1.33e-02
1211	5.71e-04	1.32e-02
1212	5.71e-04	1.32e-02
1213	5.71e-04	1.32e-02
1214	5.71e-04	1.31e-02
1215	5.71e-04	1.31e-02
1216	5.71e-04	1.30e-02
1217	5.71e-04	1.30e-02
1218	5.71e-04	1.29e-02
1219	5.71e-04	1.29e-02
1220	5.71e-04	1.28e-02
1221	5.71e-04	1.28e-02
1222	5.71e-04	1.28e-02
1223	5.71e-04	1.27e-02
1224	5.71e-04	1.27e-02
1225	5.71e-04	1.26e-02
1226	5.71e-04	1.26e-02
1227	5.71e-04	1.25e-02
1228	5.71e-04	1.25e-02
1229	5.71e-04	1.25e-02
1230	5.71e-04	1.24e-02
1231	5.71e-04	1.24e-02
1232	5.71e-04	1.23e-02
1233	5.71e-04	1.23e-02
1234	5.71e-04	1.23e-02
1235	5.71e-04	1.22e-02
1236	5.71e-04	1.22e-02
1237	5.71e-04	1.21e-02
1238	5.71e-04	1.21e-02
1239	5.71e-04	1.21e-02
1240	5.71e-04	1.20e-02
1241	5.71e-04	1.20e-02
1242	5.71e-04	1.19e-02
1243	5.71e-04	1.19e-02
1244	5.71e-04	1.19e-02
1245	5.71e-04	1.18e-02
1246	5.71e-04	1.18e-02
1247	5.71e-04	1.17e-02
1248	5.71e-04	1.17e-02
1249	5.71e-04	1.17e-02
1250	5.71e-04	1.16e-02
1251	5.71e-04	1.16e-02
1252	5.71e-04	1.15e-02
1253	5.71e-04	1.15e-02
1254	5.71e-04	1.15e-02
1255	5.71e-04	1.14e-02
1256	5.71e-04	1.14e-02
1257	5.71e-04	1.13e-02
1258	5.71e-04	1.13e-02
1259	5.71e-04	1.13e-02
1260	5.71e-04	1.12e-02
1261	5.71e-04	1.12e-02
1262	5.71e-04	1.12e-02
1263	5.71e-04	1.11e-02
1264	5.71e-04	1.11e-02
1265	5.71e-04	1.10e-02
1266	5.71e-04	1.10e-02
1267	5.71e-04	1.10e-02
1268	5.71e-04	1.09e-02
1269	5.71e-04	1.09e-02
1270	5.71e-04	1.09e-02
1271	5.71e-04	1.08e-02
1272	5.71e-04	1.08e-02
1273	5.71e-04	1.08e-02
1274	5.71e-04	1.07e-02
1275	5.71e-04	1.07e-02
1276	5.71e-04	1.06e-02
1277	5.71e-04	1.06e-02
1278	5.71e-04	1.06e-02
1279	5.71e-04	1.05e-02
1280	5.71e-04	1.05e-02
1281	5.71e-04	1.05e-02
1282	5.71e-04	1.04e-02
1283	5.71e-04	1.04e-02
1284	5.71e-04	1.04e-02
1285	5.71e-04	1.03e-02
1286	5.71e-04	1.03e-02
1287	5.71e-04	1.03e-02
1288	5.71e-04	1.02e-02
1289	5.71e-04	1.02e-02
1290	5.71e-04	1.02e-02
1291	5.71e-04	1.01e-02
1292	5.71e-04	1.01e-02
1293	5.71e-04	1.01e-02
1294	5.71e-04	1.00e-02
1295	5.71e-04	9.99e-03
1296	5.71e-04	9.95e-03
1297	5.71e-04	9.92e-03
1298	5.71e-04	9.89e-03
1299	5.71e-04	9.85e-03
1300	5.71e-04	9.82e-03
1301	5.71e-04	9.79e-03
1302	5.71e-04	9.76e-03
1303	5.71e-04	9.72e-03
1304	5.71e-04	9.69e-03
1305	5.71e-04	9.66e-03
1306	5.71e-04	9.63e-03
1307	5.71e-04	9.59e-03
1308	5.71e-04	9.56e-03
1309	5.71e-04	9.53e-03
1310	5.71e-04	9.50e-03
1311	5.71e-04	9.47e-03
1312	5.71e-04	9.43e-03
1313	5.71e-04	9.40e-03
1314	5.71e-04	9.37e-03
1315	5.71e-04	9.34e-03
1316	5.71e-04	9.31e-03
1317	5.71e-04	9.28e-03
1318	5.71e-04	9.25e-03
1319	5.71e-04	9.22e-03
1320	5.71e-04	9.19e-03
1321	5.71e-04	9.15e-03
1322	5.71e-04	9.12e-03
1323	5.71e-04	9.09e-03
1324	5.71e-04	9.06e-03
1325	5.71e-04	9.03e-03
1326	5.71e-04	9.00e-03
1327	5.71e-04	8.97e-03
1328	5.71e-04	8.94e-03
1329	5.71e-04	8.91e-03
1330	5.71e-04	8.88e-03
1331	5.71e-04	8.85e-03
1332	5.71e-04	8.82e-03
1333	5.71e-04	8.79e-03
1334	5.71e-04	8.76e-03
1335	5.71e-04	8.74e-03
1336	5.71e-04	8.71e-03
1337	5.71e-04	8.68e-03
1338	5.71e-04	8.65e-03
1339	5.71e-04	8.62e-03
1340	5.71e-04	8.59e-03
1341	5.71e-04	8.56e-03
1342	5.71e-04	8.53e-03
1343	5.71e-04	8.50e-03
1344	5.71e-04	8.48e-03
1345	5.71e-04	8.45e-03
1346	5.71e-04	8.42e-03
1347	5.71e-04	8.39e-03
1348	5.71e-04	8.36e-03
1349	5.71e-04	8.34e-03
1350	5.71e-04	8.31e-03
1351	5.71e-04	8.28e-03
1352	5.71e-04	8.25e-03
1353	5.71e-04	8.22e-03
1354	5.71e-04	8.20e-03
1355	5.71e-04	8.17e-03
1356	5.71e-04	8.14e-03
1357	5.71e-04	8.12e-03
1358	5.71e-04	8.09e-03
1359	5.71e-04	8.06e-03
1360	5.71e-04	8.03e-03
1361	5.71e-04	8.01e-03
1362	5.71e-04	7.98e-03
1363	5.71e-04	7.95e-03
1364	5.71e-04	7.93e-03
1365	5.71e-04	7.90e-03
1366	5.71e-04	7.88e-03
1367	5.71e-04	7.85e-03
1368	5.71e-04	7.82e-03
1369	5.71e-04	7.80e-03
1370	5.71e-04	7.77e-03
1371	5.71e-04	7.74e-03
1372	5.71e-04	7.72e-03
1373	5.71e-04	7.69e-03
1374	5.71e-04	7.67e-03
1375	5.71e-04	7.64e-03
1376	5.71e-04	7.62e-03
1377	5.71e-04	7.59e-03
1378	5.71e-04	7.57e-03
1379	5.71e-04	7.54e-03
1380	5.71e-04	7.52e-03
1381	5.71e-04	7.49e-03
1382	5.71e-04	7.47e-03
1383	5.71e-04	7.44e-03
1384	5.71e-04	7.42e-03
1385	5.71e-04	7.39e-03
1386	5.71e-04	7.37e-03
1387	5.71e-04	7.34e-03
1388	5.71e-04	7.32e-03
1389	5.71e-04	7.29e-03
1390	5.71e-04	7.27e-03
1391	5.71e-04	7.24e-03
1392	5.71e-04	7.22e-03
1393	5.71e-04	7.20e-03
1394	5.71e-04	7.17e-03
1395	5.71e-04	7.15e-03
1396	5.71e-04	7.12e-03
1397	5.71e-04	7.10e-03
1398	5.71e-04	7.08e-03
1399	5.71e-04	7.05e-03
1400	5.71e-04	7.03e-03
1401	5.71e-04	7.01e-03
1402	5.71e-04	6.98e-03
1403	5.71e-04	6.96e-03
1404	5.71e-04	6.94e-03
1405	5.71e-04	6.91e-03
1406	5.71e-04	6.89e-03
1407	5.71e-04	6.87e-03
1408	5.71e-04	6.84e-03
1409	5.71e-04	6.82e-03
1410	5.71e-04	6.80e-03
1411	5.71e-04	6.78e-03
1412	5.71e-04	6.75e-03
1413	5.71e-04	6.73e-03
1414	5.71e-04	6.71e-03
1415	5.71e-04	6.69e-03
1416	5.71e-04	6.66e-03
1417	5.71e-04	6.64e-03
1418	5.71e-04	6.62e-03
1419	5.71e-04	6.60e-03
1420	5.71e-04	6.58e-03
1421	5.71e-04	6.55e-03
1422	5.71e-04	6.53e-03
1423	5.71e-04	6.51e-03
1424	5.71e-04	6.49e-03
1425	5.71e-04	6.47e-03
1426	5.71e-04	6.45e-03
1427	5.71e-04	6.42e-03
1428	5.71e-04	6.40e-03
1429	5.71e-04	6.38e-03
1430	5.71e-04	6.36e-03
1431	5.71e-04	6.34e-03
1432	5.71e-04	6.32e-03
1433	5.71e-04	6.30e-03
1434	5.71e-04	6.28e-03
1435	5.71e-04	6.25e-03
1436	5.71e-04	6.23e-03
1437	5.71e-04	6.21e-03
1438	5.71e-04	6.19e-03
1439	5.71e-04	6.17e-03
1440	5.71e-04	6.15e-03
1441	5.71e-04	6.13e-03
1442	5.71e-04	6.11e-03
1443	5.71e-04	6.09e-03
1444	5.71e-04	6.07e-03
1445	5.71e-04	6.05e-03
1446	5.71e-04	6.03e-03
1447	5.71e-04	6.01e-03
1448	5.71e-04	5.99e-03
1449	5.71e-04	5.97e-03
1450	5.71e-04	5.95e-03
1451	5.71e-04	5.93e-03
1452	5.71e-04	5.91e-03
1453	5.71e-04	5.89e-03
1454	5.71e-04	5.87e-03
1455	5.71e-04	5.85e-03
1456	5.71e-04	5.83e-03
1457	5.71e-04	5.81e-03
1458	5.71e-04	5.79e-03
1459	5.71e-04	5.77e-03
1460	5.71e-04	5.75e-03
1461	5.71e-04	5.74e-03
1462	5.71e-04	5.72e-03
1463	5.71e-04	5.70e-03
1464	5.71e-04	5.68e-03
1465	5.71e-04	5.66e-03
1466	5.71e-04	5.64e-03
1467	5.71e-04	5.62e-03
1468	5.71e-04	5.60e-03
1469	5.71e-04	5.58e-03
1470	5.71e-04	5.57e-03
1471	5.71e-04	5.55e-03
1472	5.71e-04	5.53e-03
1473	5.71e-04	5.51e-03
1474	5.71e-04	5.49e-03
1475	5.71e-04	5.47e-03
1476	5.71e-04	5.46e-03
1477	5.71e-04	5.44e-03
1478	5.71e-04	5.42e-03
1479	5.71e-04	5.40e-03
1480	5.71e-04	5.38e-03
1481	5.71e-04	5.37e-03
1482	5.71e-04	5.35e-03
1483	5.71e-04	5.33e-03
1484	5.71e-04	5.31e-03
1485	5.71e-04	5.30e-03
1486	5.71e-04	5.28e-03
1487	5.71e-04	5.26e-03
1488	5.71e-04	5.24e-03
1489	5.71e-04	5.23e-03
1490	5.71e-04	5.21e-03
1491	5.71e-04	5.19e-03
1492	5.71e-04	5.17e-03
1493	5.71e-04	5.16e-03
1494	5.71e-04	5.14e-03
1495	5.71e-04	5.12e-03
1496	5.71e-04	5.10e-03
1497	5.71e-04	5.09e-03
1498	5.71e-04	5.07e-03
1499	5.71e-04	5.05e-03
1500	5.71e-04	5.04e-03
1501	5.71e-04	5.02e-03
1502	5.71e-04	5.00e-03
1503	5.71e-04	4.99e-03
1504	5.71e-04	4.97e-03
1505	5.71e-04	4.95e-03
1506	5.71e-04	4.94e-03
1507	5.71e-04	4.92e-03
1508	5.71e-04	4.90e-03
1509	5.71e-04	4.89e-03
1510	5.71e-04	4.87e-03
1511	5.71e-04	4.86e-03
1512	5.71e-04	4.84e-03
1513	5.71e-04	4.82e-03
1514	5.71e-04	4.81e-03
1515	5.71e-04	4.79e-03
1516	5.71e-04	4.78e-03
1517	5.71e-04	4.76e-03
1518	5.71e-04	4.74e-03
1519	5.71e-04	4.73e-03
1520	5.71e-04	4.71e-03
1521	5.71e-04	4.70e-03
1522	5.71e-04	4.68e-03
1523	5.71e-04	4.67e-03
1524	5.71e-04	4.65e-03
1525	5.71e-04	4.64e-03
1526	5.71e-04	4.62e-03
1527	5.71e-04	4.60e-03
1528	5.71e-04	4.59e-03
1529	5.71e-04	4.57e-03
1530	5.71e-04	4.56e-03
1531	5.71e-04	4.54e-03
1532	5.71e-04	4.53e-03
1533	5.71e-04	4.51e-03
1534	5.71e-04	4.50e-03
1535	5.71e-04	4.48e-03
1536	5.71e-04	4.47e-03
1537	5.71e-04	4.45e-03
1538	5.71e-04	4.44e-03
1539	5.71e-04	4.42e-03
1540	5.71e-04	4.41e-03
1541	5.71e-04	4.40e-03
1542	5.71e-04	4.38e-03
1543	5.71e-04	4.37e-03
1544	5.71e-04	4.35e-03
1545	5.71e-04	4.34e-03
1546	5.71e-04	4.32e-03
1547	5.71e-04	4.31e-03
1548	5.71e-04	4.29e-03
1549	5.71e-04	4.28e-03
1550	5.71e-04	4.27e-03
1551	5.71e-04	4.25e-03
1552	5.71e-04	4.24e-03
1553	5.71e-04	4.22e-03
1554	5.71e-04	4.21e-03
1555	5.71e-04	4.20e-03
1556	5.71e-04	4.18e-03
1557	5.71e-04	4.17e-03
1558	5.71e-04	4.15e-03
1559	5.71e-04	4.14e-03
1560	5.71e-04	4.13e-03
1561	5.71e-04	4.11e-03
1562	5.71e-04	4.10e-03
1563	5.71e-04	4.09e-03
1564	5.71e-04	4.07e-03
1565	5.71e-04	4.06e-03
1566	5.71e-04	4.04e-03
1567	5.71e-04	4.03e-03
1568	5.71e-04	4.02e-03
1569	5.71e-04	4.00e-03
1570	5.71e-04	3.99e-03
1571	5.71e-04	3.98e-03
1572	5.71e-04	3.96e-03
1573	5.71e-04	3.95e-03
1574	5.71e-04	3.94e-03
1575	5.71e-04	3.93e-03
1576	5.71e-04	3.91e-03
1577	5.71e-04	3.90e-03
1578	5.71e-04	3.89e-03
1579	5.71e-04	3.87e-03
1580	5.71e-04	3.86e-03
1581	5.71e-04	3.85e-03
1582	5.71e-04	3.84e-03
1583	5.71e-04	3.82e-03
1584	5.71e-04	3.81e-03
1585	5.71e-04	3.80e-03
1586	5.71e-04	3.78e-03
1587	5.71e-04	3.77e-03
1588	5.71e-04	3.76e-03
1589	5.71e-04	3.75e-03
1590	5.71e-04	3.73e-03
1591	5.71e-04	3.72e-03
1592	5.71e-04	3.71e-03
1593	5.71e-04	3.70e-03
1594	5.71e-04	3.69e-03
1595	5.71e-04	3.67e-03
1596	5.71e-04	3.66e-03
1597	5.71e-04	3.65e-03
1598	5.71e-04	3.64e-03
1599	5.71e-04	3.62e-03
1600	5.71e-04	3.61e-03
1601	5.71e-04	3.60e-03
1602	5.71e-04	3.59e-03
1603	5.71e-04	3.58e-03
1604	5.71e-04	3.57e-03
1605	5.71e-04	3.55e-03
1606	5.71e-04	3.54e-03
1607	5.71e-04	3.53e-03
1608	5.71e-04	3.52e-03
1609	5.71e-04	3.51e-03
1610	5.71e-04	3.49e-03
1611	5.71e-04	3.48e-03
1612	5.71e-04	3.47e-03
1613	5.71e-04	3.46e-03
1614	5.71e-04	3.45e-03
1615	5.71e-04	3.44e-03
1616	5.71e-04	3.43e-03
1617	5.71e-04	3.41e-03
1618	5.71e-04	3.40e-03
1619	5.71e-04	3.39e-03
1620	5.71e-04	3.38e-03
1621	5.71e-04	3.37e-03
1622	5.71e-04	3.36e-03
1623	5.71e-04	3.35e-03
1624	5.71e-04	3.34e-03
1625	5.71e-04	3.33e-03
1626	5.71e-04	3.31e-03
1627	5.71e-04	3.30e-03
1628	5.71e-04	3.29e-03
1629	5.71e-04	3.28e-03
1630	5.71e-04	3.27e-03
1631	5.71e-04	3.26e-03
1632	5.71e-04	3.25e-03
1633	5.71e-04	3.24e-03
1634	5.71e-04	3.23e-03
1635	5.71e-04	3.22e-03
1636	5.71e-04	3.21e-03
1637	5.71e-04	3.20e-03
1638	5.71e-04	3.18e-03
1639	5.71e-04	3.17e-03
1640	5.71e-04	3.16e-03
1641	5.71e-04	3.15e-03
1642	5.71e-04	3.14e-03
1643	5.71e-04	3.13e-03
1644	5.71e-04	3.12e-03
1645	5.71e-04	3.11e-03
1646	5.71e-04	3.10e-03
1647	5.71e-04	3.09e-03
1648	5.71e-04	3.08e-03
1649	5.71e-04	3.07e-03
1650	5.71e-04	3.06e-03
1651	5.71e-04	3.05e-03
1652	5.71e-04	3.04e-03
1653	5.71e-04	3.03e-03
1654	5.71e-04	3.02e-03
1655	5.71e-04	3.01e-03
1656	5.71e-04	3.00e-03
1657	5.71e-04	2.99e-03
1658	5.71e-04	2.98e-03
1659	5.71e-04	2.97e-03
1660	5.71e-04	2.96e-03
1661	5.71e-04	2.95e-03
1662	5.71e-04	2.94e-03
1663	5.71e-04	2.93e-03
1664	5.71e-04	2.92e-03
1665	5.71e-04	2.91e-03
1666	5.71e-04	2.90e-03
1667	5.71e-04	2.89e-03
1668	5.71e-04	2.88e-03
1669	5.71e-04	2.87e-03
1670	5.71e-04	2.86e-03
1671	5.71e-04	2.85e-03
1672	5.71e-04	2.85e-03
1673	5.71e-04	2.84e-03
1674	5.71e-04	2.83e-03
1675	5.71e-04	2.82e-03
1676	5.71e-04	2.81e-03
1677	5.71e-04	2.80e-03
1678	5.71e-04	2.79e-03
1679	5.71e-04	2.78e-03
1680	5.71e-04	2.77e-03
1681	5.71e-04	2.76e-03
1682	5.71e-04	2.75e-03
1683	5.71e-04	2.74e-03
1684	5.71e-04	2.73e-03
1685	5.71e-04	2.73e-03
1686	5.71e-04	2.72e-03
1687	5.71e-04	2.71e-03
1688	5.71e-04	2.70e-03
1689	5.71e-04	2.69e-03
1690	5.71e-04	2.68e-03
1691	5.71e-04	2.67e-03
1692	5.71e-04	2.66e-03
1693	5.71e-04	2.65e-03
1694	5.71e-04	2.65e-03
1695	5.71e-04	2.64e-03
1696	5.71e-04	2.63e-03
1697	5.71e-04	2.62e-03
1698	5.71e-04	2.61e-03
1699	5.71e-04	2.60e-03
1700	5.71e-04	2.59e-03
1701	5.71e-04	2.58e-03
1702	5.71e-04	2.58e-03
1703	5.71e-04	2.57e-03
1704	5.71e-04	2.56e-03
1705	5.71e-04	2.55e-03
1706	5.71e-04	2.54e-03
1707	5.71e-04	2.53e-03
1708	5.71e-04	2.53e-03
1709	5.71e-04	2.52e-03
1710	5.71e-04	2.51e-03
1711	5.71e-04	2.50e-03
1712	5.71e-04	2.49e-03
1713	5.71e-04	2.48e-03
1714	5.71e-04	2.48e-03
1715	5.71e-04	2.47e-03
1716	5.71e-04	2.46e-03
1717	5.71e-04	2.45e-03
1718	5.71e-04	2.44e-03
1719	5.71e-04	2.44e-03
1720	5.71e-04	2.43e-03
1721	5.71e-04	2.42e-03
1722	5.71e-04	2.41e-03
1723	5.71e-04	2.40e-03
1724	5.71e-04	2.40e-03
1725	5.71e-04	2.39e-03
1726	5.71e-04	2.38e-03
1727	5.71e-04	2.37e-03
1728	5.71e-04	2.36e-03
1729	5.71e-04	2.36e-03
1730	5.71e-04	2.35e-03
1731	5.71e-04	2.34e-03
1732	5.71e-04	2.33e-03
1733	5.71e-04	2.32e-03
1734	5.71e-04	2.32e-03
1735	5.71e-04	2.31e-03
1736	5.71e-04	2.30e-03
1737	5.71e-04	2.29e-03
1738	5.71e-04	2.29e-03
1739	5.71e-04	2.28e-03
1740	5.71e-04	2.27e-03
1741	5.71e-04	2.26e-03
1742	5.71e-04	2.26e-03
1743	5.71e-04	2.25e-03
1744	5.71e-04	2.24e-03
1745	5.71e-04	2.23e-03
1746	5.71e-04	2.23e-03
1747	5.71e-04	2.22e-03
1748	5.71e-04	2.21e-03
1749	5.71e-04	2.20e-03
1750	5.71e-04	2.20e-03
1751	5.71e-04	2.19e-03
1752	5.71e-04	2.18e-03
1753	5.71e-04	2.18e-03
1754	5.71e-04	2.17e-03
1755	5.71e-04	2.16e-03
1756	5.71e-04	2.15e-03
1757	5.71e-04	2.15e-03
1758	5.71e-04	2.14e-03
1759	5.71e-04	2.13e-03
1760	5.71e-04	2.13e-03
1761	5.71e-04	2.12e-03
1762	5.71e-04	2.11e-03
1763	5.71e-04	2.11e-03
1764	5.71e-04	2.10e-03
1765	5.71e-04	2.09e-03
1766	5.71e-04	2.08e-03
1767	5.71e-04	2.08e-03
1768	5.71e-04	2.07e-03
1769	5.71e-04	2.06e-03
1770	5.71e-04	2.06e-03
1771	5.71e-04	2.05e-03
1772	5.71e-04	2.04e-03
1773	5.71e-04	2.04e-03
1774	5.71e-04	2.03e-03
1775	5.71e-04	2.02e-03
1776	5.71e-04	2.02e-03
1777	5.71e-04	2.01e-03
1778	5.71e-04	2.00e-03
1779	5.71e-04	2.00e-03
1780	5.71e-04	1.99e-03
1781	5.71e-04	1.98e-03
1782	5.71e-04	1.98e-03
1783	5.71e-04	1.97e-03
1784	5.71e-04	1.96e-03
1785	5.71e-04	1.96e-03
1786	5.71e-04	1.95e-03
1787	5.71e-04	1.94e-03
1788	5.71e-04	1.94e-03
1789	5.71e-04	1.93e-03
1790	5.71e-04	1.93e-03
1791	5.71e-04	1.92e-03
1792	5.71e-04	1.91e-03
1793	5.71e-04	1.91e-03
1794	5.71e-04	1.90e-03
1795	5.71e-04	1.89e-03
1796	5.71e-04	1.89e-03
1797	5.71e-04	1.88e-03
1798	5.71e-04	1.87e-03
1799	5.71e-04	1.87e-03
1800	5.71e-04	1.86e-03
1801	5.71e-04	1.86e-03
1802	5.71e-04	1.85e-03
1803	5.71e-04	1.84e-03
1804	5.71e-04	1.84e-03
1805	5.71e-04	1.83e-03
1806	5.71e-04	1.83e-03
1807	5.71e-04	1.82e-03
1808	5.71e-04	1.81e-03
1809	5.71e-04	1.81e-03
1810	5.71e-04	1.80e-03
1811	5.71e-04	1.80e-03
1812	5.71e-04	1.79e-03
1813	5.71e-04	1.78e-03
1814	5.71e-04	1.78e-03
1815	5.71e-04	1.77e-03
1816	5.71e-04	1.77e-03
1817	5.71e-04	1.76e-03
1818	5.71e-04	1.75e-03
1819	5.71e-04	1.75e-03
1820	5.71e-04	1.74e-03
1821	5.71e-04	1.74e-03
1822	5.71e-04	1.73e-03
1823	5.71e-04	1.73e-03
1824	5.71e-04	1.72e-03
1825	5.71e-04	1.71e-03
1826	5.71e-04	1.71e-03
1827	5.71e-04	1.70e-03
1828	5.71e-04	1.70e-03
1829	5.71e-04	1.69e-03
1830	5.71e-04	1.69e-03
1831	5.71e-04	1.68e-03
1832	5.71e-04	1.68e-03
1833	5.71e-04	1.67e-03
1834	5.71e-04	1.66e-03
1835	5.71e-04	1.66e-03
1836	5.71e-04	1.65e-03
1837	5.71e-04	1.65e-03
1838	5.71e-04	1.64e-03
1839	5.71e-04	1.64e-03
1840	5.71e-04	1.63e-03
1841	5.71e-04	1.63e-03
1842	5.71e-04	1.62e-03
1843	5.71e-04	1.62e-03
1844	5.71e-04	1.61e-03
1845	5.71e-04	1.61e-03
1846	5.71e-04	1.60e-03
1847	5.71e-04	1.59e-03
1848	5.71e-04	1.59e-03
1849	5.71e-04	1.58e-03
1850	5.71e-04	1.58e-03
1851	5.71e-04	1.57e-03
1852	5.71e-04	1.57e-03
1853	5.71e-04	1.56e-03
1854	5.71e-04	1.56e-03
1855	5.71e-04	1.55e-03
1856	5.71e-04	1.55e-03
1857	5.71e-04	1.54e-03
1858	5.71e-04	1.54e-03
1859	5.71e-04	1.53e-03
1860	5.71e-04	1.53e-03
1861	5.71e-04	1.52e-03
1862	5.71e-04	1.52e-03
1863	5.71e-04	1.51e-03
1864	5.71e-04	1.51e-03
1865	5.71e-04	1.50e-03
1866	5.71e-04	1.50e-03
1867	5.71e-04	1.49e-03
1868	5.71e-04	1.49e-03
1869	5.71e-04	1.48e-03
1870	5.71e-04	1.48e-03
1871	5.71e-04	1.47e-03
1872	5.71e-04	1.47e-03
1873	5.71e-04	1.46e-03
1874	5.71e-04	1.46e-03
1875	5.71e-04	1.45e-03
1876	5.71e-04	1.45e-03
1877	5.71e-04	1.44e-03
1878	5.71e-04	1.44e-03
1879	5.71e-04	1.43e-03
1880	5.71e-04	1.43e-03
1881	5.71e-04	1.43e-03
1882	5.71e-04	1.42e-03
1883	5.71e-04	1.42e-03
1884	5.71e-04	1.41e-03
1885	5.71e-04	1.41e-03
1886	5.71e-04	1.40e-03
1887	5.71e-04	1.40e-03
1888	5.71e-04	1.39e-03
1889	5.71e-04	1.39e-03
1890	5.71e-04	1.38e-03
1891	5.71e-04	1.38e-03
1892	5.71e-04	1.37e-03
1893	5.71e-04	1.37e-03
1894	5.71e-04	1.37e-03
1895	5.71e-04	1.36e-03
1896	5.71e-04	1.36e-03
1897	5.71e-04	1.35e-03
1898	5.71e-04	1.35e-03
1899	5.71e-04	1.34e-03
1900	5.71e-04	1.34e-03
1901	5.71e-04	1.33e-03
1902	5.71e-04	1.33e-03
1903	5.71e-04	1.33e-03
1904	5.71e-04	1.32e-03
1905	5.71e-04	1.32e-03
1906	5.71e-04	1.31e-03
1907	5.71e-04	1.31e-03
1908	5.71e-04	1.30e-03
1909	5.71e-04	1.30e-03
1910	5.71e-04	1.29e-03
1911	5.71e-04	1.29e-03
1912	5.71e-04	1.29e-03
1913	5.71e-04	1.28e-03
1914	5.71e-04	1.28e-03
1915	5.71e-04	1.27e-03
1916	5.71e-04	1.27e-03
1917	5.71e-04	1.27e-03
1918	5.71e-04	1.26e-03
1919	5.71e-04	1.26e-03
1920	5.71e-04	1.25e-03
1921	5.71e-04	1.25e-03
1922	5.71e-04	1.24e-03
1923	5.71e-04	1.24e-03
1924	5.71e-04	1.24e-03
1925	5.71e-04	1.23e-03
1926	5.71e-04	1.23e-03
1927	5.71e-04	1.22e-03
1928	5.71e-04	1.22e-03
1929	5.71e-04	1.22e-03
1930	5.71e-04	1.21e-03
1931	5.71e-04	1.21e-03
1932	5.71e-04	1.20e-03
1933	5.71e-04	1.20e-03
1934	5.71e-04	1.20e-03
1935	5.71e-04	1.19e-03
1936	5.71e-04	1.19e-03
1937	5.71e-04	1.18e-03
1938	5.71e-04	1.18e-03
1939	5.71e-04	1.18e-03
1940	5.71e-04	1.17e-03
1941	5.71e-04	1.17e-03
1942	5.71e-04	1.17e-03
1943	5.71e-04	1.16e-03
1944	5.71e-04	1.16e-03
1945	5.71e-04	1.15e-03
1946	5.71e-04	1.15e-03
1947	5.71e-04	1.15e-03
1948	5.71e-04	1.14e-03
1949	5.71e-04	1.14e-03
1950	5.71e-04	1.13e-03
1951	5.71e-04	1.13e-03
1952	5.71e-04	1.13e-03
1953	5.71e-04	1.12e-03
1954	5.71e-04	1.12e-03
1955	5.71e-04	1.12e-03
1956	5.71e-04	1.11e-03
1957	5.71e-04	1.11e-03
1958	5.71e-04	1.11e-03
1959	5.71e-04	1.10e-03
1960	5.71e-04	1.10e-03
1961	5.71e-04	1.09e-03
1962	5.71e-04	1.09e-03
1963	5.71e-04	1.09e-03
1964	5.71e-04	1.08e-03
1965	5.71e-04	1.08e-03
1966	5.71e-04	1.08e-03
1967	5.71e-04	1.07e-03
1968	5.71e-04	1.07e-03
1969	5.71e-04	1.07e-03
1970	5.71e-04	1.06e-03
1971	5.71e-04	1.06e-03
1972	5.71e-04	1.06e-03
1973	5.71e-04	1.05e-03
1974	5.71e-04	1.05e-03
1975	5.71e-04	1.04e-03
1976	5.71e-04	1.04e-03
1977	5.71e-04	1.04e-03
1978	5.71e-04	1.03e-03
1979	5.71e-04	1.03e-03
1980	5.71e-04	1.03e-03
1981	5.71e-04	1.02e-03
1982	5.71e-04	1.02e-03
1983	5.71e-04	1.02e-03
1984	5.71e-04	1.01e-03
1985	5.71e-04	1.01e-03
1986	5.71e-04	1.01e-03
1987	5.71e-04	1.00e-03
1988	5.71e-04	1.00e-03
1989	5.71e-04	9.98e-04
1990	5.71e-04	9.95e-04
1991	5.71e-04	9.91e-04
1992	5.71e-04	9.88e-04
1993	5.71e-04	9.85e-04
1994	5.71e-04	9.81e-04
1995	5.71e-04	9.78e-04
1996	5.71e-04	9.75e-04
1997	5.71e-04	9.72e-04
1998	5.71e-04	9.69e-04
1999	5.71e-04	9.65e-04
2000	5.71e-04	9.62e-04
2001	5.71e-04	9.59e-04
2002	5.71e-04	9.56e-04
2003	5.71e-04	9.53e-04
2004	5.71e-04	9.50e-04
2005	5.71e-04	9.47e-04
2006	5.71e-04	9.43e-04
2007	5.71e-04	9.40e-04
2008	5.71e-04	9.37e-04
2009	5.71e-04	9.34e-04
2010	5.71e-04	9.31e-04
2011	5.71e-04	9.28e-04
2012	5.71e-04	9.25e-04
2013	5.71e-04	9.22e-04
2014	5.71e-04	9.19e-04
2015	5.71e-04	9.16e-04
2016	5.71e-04	9.13e-04
2017	5.71e-04	9.10e-04
2018	5.71e-04	9.07e-04
2019	5.71e-04	9.04e-04
2020	5.71e-04	9.01e-04
2021	5.71e-04	8.98e-04
2022	5.71e-04	8.95e-04
2023	5.71e-04	8.92e-04
2024	5.71e-04	8.89e-04
2025	5.71e-04	8.86e-04
2026	5.71e-04	8.83e-04
2027	5.71e-04	8.80e-04
2028	5.71e-04	8.77e-04
2029	5.71e-04	8.74e-04
2030	5.71e-04	8.72e-04
2031	5.71e-04	8.69e-04
2032	5.71e-04	8.66e-04
2033	5.71e-04	8.63e-04
2034	5.71e-04	8.60e-04
2035	5.71e-04	8.57e-04
2036	5.71e-04	8.55e-04
2037	5.71e-04	8.52e-04
2038	5.71e-04	8.49e-04
2039	5.71e-04	8.46e-04
2040	5.71e-04	8.43e-04
2041	5.71e-04	8.41e-04
2042	5.71e-04	8.38e-04
2043	5.71e-04	8.35e-04
2044	5.71e-04	8.32e-04
2045	5.71e-04	8.30e-04
2046	5.71e-04	8.27e-04
2047	5.71e-04	8.24e-04
2048	5.71e-04	8.21e-04
2049	5.71e-04	8.19e-04
2050	5.71e-04	8.16e-04
2051	5.71e-04	8.13e-04
2052	5.71e-04	8.11e-04
2053	5.71e-04	8.08e-04
2054	5.71e-04	8.05e-04
2055	5.71e-04	8.03e-04
2056	5.71e-04	8.00e-04
2057	5.71e-04	7.97e-04
2058	5.71e-04	7.95e-04
2059	5.71e-04	7.92e-04
2060	5.71e-04	7.90e-04
2061	5.71e-04	7.87e-04
2062	5.71e-04	7.84e-04
2063	5.71e-04	7.82e-04
2064	5.71e-04	7.79e-04
2065	5.71e-04	7.77e-04
2066	5.71e-04	7.74e-04
2067	5.71e-04	7.72e-04
2068	5.71e-04	7.69e-04
2069	5.71e-04	7.66e-04
2070	5.71e-04	7.64e-04
2071	5.71e-04	7.61e-04
2072	5.71e-04	7.59e-04
2073	5.71e-04	7.56e-04
2074	5.71e-04	7.54e-04
2075	5.71e-04	7.51e-04
2076	5.71e-04	7.49e-04
2077	5.71e-04	7.47e-04
2078	5.71e-04	7.44e-04
2079	5.71e-04	7.42e-04
2080	5.71e-04	7.39e-04
2081	5.71e-04	7.37e-04
2082	5.71e-04	7.34e-04
2083	5.71e-04	7.32e-04
2084	5.71e-04	7.29e-04
2085	5.71e-04	7.27e-04
2086	5.71e-04	7.25e-04
2087	5.71e-04	7.22e-04
2088	5.71e-04	7.20e-04
2089	5.71e-04	7.18e-04
2090	5.71e-04	7.15e-04
2091	5.71e-04	7.13e-04
2092	5.71e-04	7.11e-04
2093	5.71e-04	7.08e-04
2094	5.71e-04	7.06e-04
2095	5.71e-04	7.04e-04
2096	5.71e-04	7.01e-04
2097	5.71e-04	6.99e-04
2098	5.71e-04	6.97e-04
2099	5.71e-04	6.94e-04
2100	5.71e-04	6.92e-04
2101	5.71e-04	6.90e-04
2102	5.71e-04	6.87e-04
2103	5.71e-04	6.85e-04
2104	5.71e-04	6.83e-04
2105	5.71e-04	6.81e-04
2106	5.71e-04	6.78e-04
2107	5.71e-04	6.76e-04
2108	5.71e-04	6.74e-04
2109	5.71e-04	6.72e-04
2110	5.71e-04	6.70e-04
2111	5.71e-04	6.67e-04
2112	5.71e-04	6.65e-04
2113	5.71e-04	6.63e-04
2114	5.71e-04	6.61e-04
2115	5.71e-04	6.59e-04
2116	5.71e-04	6.56e-04
2117	5.71e-04	6.54e-04
2118	5.71e-04	6.52e-04
2119	5.71e-04	6.50e-04
2120	5.71e-04	6.48e-04
2121	5.71e-04	6.46e-04
2122	5.71e-04	6.44e-04
2123	5.71e-04	6.42e-04
2124	5.71e-04	6.39e-04
2125	5.71e-04	6.37e-04
2126	5.71e-04	6.35e-04
2127	5.71e-04	6.33e-04
2128	5.71e-04	6.31e-04
2129	5.71e-04	6.29e-04
2130	5.71e-04	6.27e-04
2131	5.71e-04	6.25e-04
2132	5.71e-04	6.23e-04
2133	5.71e-04	6.21e-04
2134	5.71e-04	6.19e-04
2135	5.71e-04	6.17e-04
2136	5.71e-04	6.15e-04
2137	5.71e-04	6.13e-04
2138	5.71e-04	6.11e-04
2139	5.71e-04	6.09e-04
2140	5.71e-04	6.07e-04
2141	5.71e-04	6.05e-04
2142	5.71e-04	6.03e-04
2143	5.71e-04	6.01e-04
2144	5.71e-04	5.99e-04
2145	5.71e-04	5.97e-04
2146	5.71e-04	5.95e-04
2147	5.71e-04	5.93e-04
2148	5.71e-04	5.91e-04
2149	5.71e-04	5.89e-04
2150	5.71e-04	5.87e-04
2151	5.71e-04	5.85e-04
2152	5.71e-04	5.83e-04
2153	5.71e-04	5.81e-04
2154	5.71e-04	5.79e-04
2155	5.71e-04	5.77e-04
2156	5.71e-04	5.75e-04
2157	5.71e-04	5.74e-04
2158	5.71e-04	5.72e-04
2159	5.71e-04	5.70e-04
2160	5.71e-04	5.68e-04
2161	5.71e-04	5.66e-04
2162	5.71e-04	5.64e-04
2163	5.71e-04	5.62e-04
2164	5.71e-04	5.60e-04
2165	5.71e-04	5.59e-04
2166	5.71e-04	5.57e-04
2167	5.71e-04	5.55e-04
2168	5.71e-04	5.53e-04
2169	5.71e-04	5.51e-04
2170	5.71e-04	5.50e-04
2171	5.71e-04	5.48e-04
2172	5.71e-04	5.46e-04
2173	5.71e-04	5.44e-04
2174	5.71e-04	5.42e-04
2175	5.71e-04	5.41e-04
2176	5.71e-04	5.39e-04
2177	5.71e-04	5.37e-04
2178	5.71e-04	5.35e-04
2179	5.71e-04	5.33e-04
2180	5.71e-04	5.32e-04
2181	5.71e-04	5.30e-04
2182	5.71e-04	5.28e-04
2183	5.71e-04	5.26e-04
2184	5.71e-04	5.25e-04
2185	5.71e-04	5.23e-04
2186	5.71e-04	5.21e-04
2187	5.71e-04	5.20e-04
2188	5.71e-04	5.18e-04
2189	5.71e-04	5.16e-04
2190	5.71e-04	5.15e-04
2191	5.71e-04	5.13e-04
2192	5.71e-04	5.11e-04
2193	5.71e-04	5.09e-04
2194	5.71e-04	5.08e-04
2195	5.71e-04	5.06e-04
2196	5.71e-04	5.04e-04
2197	5.71e-04	5.03e-04
2198	5.71e-04	5.01e-04
2199	5.71e-04	4.99e-04
2200	5.71e-04	4.98e-04
2201	5.71e-04	4.96e-04
2202	5.71e-04	4.95e-04
2203	5.71e-04	4.93e-04
2204	5.71e-04	4.91e-04
2205	5.71e-04	4.90e-04
2206	5.71e-04	4.88e-04
2207	5.71e-04	4.87e-04
2208	5.71e-04	4.85e-04
2209	5.71e-04	4.83e-04
2210	5.71e-04	4.82e-04
2211	5.71e-04	4.80e-04
2212	5.71e-04	4.79e-04
2213	5.71e-04	4.77e-04
2214	5.71e-04	4.75e-04
2215	5.71e-04	4.74e-04
2216	5.71e-04	4.72e-04
2217	5.71e-04	4.71e-04
2218	5.71e-04	4.69e-04
2219	5.71e-04	4.68e-04
2220	5.71e-04	4.66e-04
2221	5.71e-04	4.65e-04
2222	5.71e-04	4.63e-04
2223	5.71e-04	4.62e-04
2224	5.71e-04	4.60e-04
2225	5.71e-04	4.59e-04
2226	5.71e-04	4.57e-04
2227	5.71e-04	4.56e-04
2228	5.71e-04	4.54e-04
2229	5.71e-04	4.53e-04
2230	5.71e-04	4.51e-04
2231	5.71e-04	4.50e-04
2232	5.71e-04	4.48e-04
2233	5.71e-04	4.47e-04
2234	5.71e-04	4.45e-04
2235	5.71e-04	4.44e-04
2236	5.71e-04	4.42e-04
2237	5.71e-04	4.41e-04
2238	5.71e-04	4.39e-04
2239	5.71e-04	4.38e-04
2240	5.71e-04	4.36e-04
2241	5.71e-04	4.35e-04
2242	5.71e-04	4.34e-04
2243	5.71e-04	4.32e-04
2244	5.71e-04	4.31e-04
2245	5.71e-04	4.29e-04
2246	5.71e-04	4.28e-04
2247	5.71e-04	4.26e-04
2248	5.71e-04	4.25e-04
2249	5.71e-04	4.24e-04
2250	5.71e-04	4.22e-04
2251	5.71e-04	4.21e-04
2252	5.71e-04	4.20e-04
2253	5.71e-04	4.18e-04
2254	5.71e-04	4.17e-04
2255	5.71e-04	4.15e-04
2256	5.71e-04	4.14e-04
2257	5.71e-04	4.13e-04
2258	5.71e-04	4.11e-04
2259	5.71e-04	4.10e-04
2260	5.71e-04	4.09e-04
2261	5.71e-04	4.07e-04
2262	5.71e-04	4.06e-04
2263	5.71e-04	4.05e-04
2264	5.71e-04	4.03e-04
2265	5.71e-04	4.02e-04
2266	5.71e-04	4.01e-04
2267	5.71e-04	3.99e-04
2268	5.71e-04	3.98e-04
2269	5.71e-04	3.97e-04
2270	5.71e-04	3.95e-04
2271	5.71e-04	3.94e-04
2272	5.71e-04	3.93e-04
2273	5.71e-04	3.92e-04
2274	5.71e-04	3.90e-04
2275	5.71e-04	3.89e-04
2276	5.71e-04	3.88e-04
2277	5.71e-04	3.86e-04
2278	5.71e-04	3.85e-04
2279	5.71e-04	3.84e-04
2280	5.71e-04	3.83e-04
2281	5.71e-04	3.81e-04
2282	5.71e-04	3.80e-04
2283	5.71e-04	3.79e-04
2284	5.71e-04	3.78e-04
2285	5.71e-04	3.76e-04
2286	5.71e-04	3.75e-04
2287	5.71e-04	3.74e-04
2288	5.71e-04	3.73e-04
2289	5.71e-04	3.71e-04
2290	5.71e-04	3.70e-04
2291	5.71e-04	3.69e-04
2292	5.71e-04	3.68e-04
2293	5.71e-04	3.67e-04
2294	5.71e-04	3.65e-04
2295	5.71e-04	3.64e-04
2296	5.71e-04	3.63e-04
2297	5.71e-04	3.62e-04
2298	5.71e-04	3.61e-04
2299	5.71e-04	3.59e-04
2300	5.71e-04	3.58e-04
2301	5.71e-04	3.57e-04
2302	5.71e-04	3.56e-04
2303	5.71e-04	3.55e-04
2304	5.71e-04	3.54e-04
2305	5.71e-04	3.52e-04
2306	5.71e-04	3.51e-04
2307	5.71e-04	3.50e-04
2308	5.71e-04	3.49e-04
2309	5.71e-04	3.48e-04
2310	5.71e-04	3.47e-04
2311	5.71e-04	3.46e-04
2312	5.71e-04	3.44e-04
2313	5.71e-04	3.43e-04
2314	5.71e-04	3.42e-04
2315	5.71e-04	3.41e-04
2316	5.71e-04	3.40e-04
2317	5.71e-04	3.39e-04
2318	5.71e-04	3.38e-04
2319	5.71e-04	3.37e-04
2320	5.71e-04	3.35e-04
2321	5.71e-04	3.34e-04
2322	5.71e-04	3.33e-04
2323	5.71e-04	3.32e-04
2324	5.71e-04	3.31e-04
2325	5.71e-04	3.30e-04
2326	5.71e-04	3.29e-04
2327	5.71e-04	3.28e-04
2328	5.71e-04	3.27e-04
2329	5.71e-04	3.26e-04
2330	5.71e-04	3.25e-04
2331	5.71e-04	3.24e-04
2332	5.71e-04	3.22e-04
2333	5.71e-04	3.21e-04
2334	5.71e-04	3.20e-04
2335	5.71e-04	3.19e-04
2336	5.71e-04	3.18e-04
2337	5.71e-04	3.17e-04
2338	5.71e-04	3.16e-04
2339	5.71e-04	3.15e-04
2340	5.71e-04	3.14e-04
2341	5.71e-04	3.13e-04
2342	5.71e-04	3.12e-04
2343	5.71e-04	3.11e-04
2344	5.71e-04	3.10e-04
2345	5.71e-04	3.09e-04
2346	5.71e-04	3.08e-04
2347	5.71e-04	3.07e-04
2348	5.71e-04	3.06e-04
2349	5.71e-04	3.05e-04
2350	5.71e-04	3.04e-04
2351	5.71e-04	3.03e-04
2352	5.71e-04	3.02e-04
2353	5.71e-04	3.01e-04
2354	5.71e-04	3.00e-04
2355	5.71e-04	2.99e-04
2356	5.71e-04	2.98e-04
2357	5.71e-04	2.97e-04
2358	5.71e-04	2.96e-04
2359	5.71e-04	2.95e-04
2360	5.71e-04	2.94e-04
2361	5.71e-04	2.93e-04
2362	5.71e-04	2.92e-04
2363	5.71e-04	2.91e-04
2364	5.71e-04	2.90e-04
2365	5.71e-04	2.89e-04
2366	5.71e-04	2.88e-04
2367	5.71e-04	2.87e-04
2368	5.71e-04	2.86e-04
2369	5.71e-04	2.86e-04
2370	5.71e-04	2.85e-04
2371	5.71e-04	2.84e-04
2372	5.71e-04	2.83e-04
2373	5.71e-04	2.82e-04
2374	5.71e-04	2.81e-04
2375	5.71e-04	2.80e-04
2376	5.71e-04	2.79e-04
2377	5.71e-04	2.78e-04
2378	5.71e-04	2.77e-04
2379	5.71e-04	2.76e-04
2380	5.71e-04	2.75e-04
2381	5.71e-04	2.74e-04
2382	5.71e-04	2.74e-04
2383	5.71e-04	2.73e-04
2384	5.71e-04	2.72e-04
2385	5.71e-04	2.71e-04
2386	5.71e-04	2.70e-04
2387	5.71e-04	2.69e-04
2388	5.71e-04	2.68e-04
2389	5.71e-04	2.67e-04
2390	5.71e-04	2.66e-04
2391	5.71e-04	2.66e-04
2392	5.71e-04	2.65e-04
2393	5.71e-04	2.64e-04
2394	5.71e-04	2.63e-04
2395	5.71e-04	2.62e-04
2396	5.71e-04	2.61e-04
2397	5.71e-04	2.60e-04
2398	5.71e-04	2.60e-04
2399	5.71e-04	2.59e-04
2400	5.71e-04	2.58e-04
2401	5.71e-04	2.57e-04
2402	5.71e-04	2.56e-04
2403	5.71e-04	2.55e-04
2404	5.71e-04	2.54e-04
2405	5.71e-04	2.54e-04
2406	5.71e-04	2.53e-04
2407	5.71e-04	2.52e-04
2408	5.71e-04	2.51e-04
2409	5.71e-04	2.50e-04
2410	5.71e-04	2.50e-04
2411	5.71e-04	2.49e-04
2412	5.71e-04	2.48e-04
2413	5.71e-04	2.47e-04
2414	5.71e-04	2.46e-04
2415	5.71e-04	2.45e-04
2416	5.71e-04	2.45e-04
2417	5.71e-04	2.44e-04
2418	5.71e-04	2.43e-04
2419	5.71e-04	2.42e-04
2420	5.71e-04	2.41e-04
2421	5.71e-04	2.41e-04
2422	5.71e-04	2.40e-04
2423	5.71e-04	2.39e-04
2424	5.71e-04	2.38e-04
2425	5.71e-04	2.38e-04
2426	5.71e-04	2.37e-04
2427	5.71e-04	2.36e-04
2428	5.71e-04	2.35e-04
2429	5.71e-04	2.34e-04
2430	5.71e-04	2.34e-04
2431	5.71e-04	2.33e-04
2432	5.71e-04	2.32e-04
2433	5.71e-04	2.31e-04
2434	5.71e-04	2.31e-04
2435	5.71e-04	2.30e-04
2436	5.71e-04	2.29e-04
2437	5.71e-04	2.28e-04
2438	5.71e-04	2.28e-04
2439	5.71e-04	2.27e-04
2440	5.71e-04	2.26e-04
2441	5.71e-04	2.25e-04
2442	5.71e-04	2.25e-04
2443	5.71e-04	2.24e-04
2444	5.71e-04	2.23e-04
2445	5.71e-04	2.22e-04
2446	5.71e-04	2.22e-04
2447	5.71e-04	2.21e-04
2448	5.71e-04	2.20e-04
2449	5.71e-04	2.20e-04
2450	5.71e-04	2.19e-04
2451	5.71e-04	2.18e-04
2452	5.71e-04	2.17e-04
2453	5.71e-04	2.17e-04
2454	5.71e-04	2.16e-04
2455	5.71e-04	2.15e-04
2456	5.71e-04	2.15e-04
2457	5.71e-04	2.14e-04
2458	5.71e-04	2.13e-04
2459	5.71e-04	2.12e-04
2460	5.71e-04	2.12e-04
2461	5.71e-04	2.11e-04
2462	5.71e-04	2.10e-04
2463	5.71e-04	2.10e-04
2464	5.71e-04	2.09e-04
2465	5.71e-04	2.08e-04
2466	5.71e-04	2.08e-04
2467	5.71e-04	2.07e-04
2468	5.71e-04	2.06e-04
2469	5.71e-04	2.06e-04
2470	5.71e-04	2.05e-04
2471	5.71e-04	2.04e-04
2472	5.71e-04	2.04e-04
2473	5.71e-04	2.03e-04
2474	5.71e-04	2.02e-04
2475	5.71e-04	2.02e-04
2476	5.71e-04	2.01e-04
2477	5.71e-04	2.00e-04
2478	5.71e-04	2.00e-04
2479	5.71e-04	1.99e-04
2480	5.71e-04	1.98e-04
2481	5.71e-04	1.98e-04
2482	5.71e-04	1.97e-04
2483	5.71e-04	1.96e-04
2484	5.71e-04	1.96e-04
2485	5.71e-04	1.95e-04
2486	5.71e-04	1.94e-04
2487	5.71e-04	1.94e-04
2488	5.71e-04	1.93e-04
2489	5.71e-04	1.92e-04
2490	5.71e-04	1.92e-04
2491	5.71e-04	1.91e-04
2492	5.71e-04	1.91e-04
2493	5.71e-04	1.90e-04
2494	5.71e-04	1.89e-04
2495	5.71e-04	1.89e-04
2496	5.71e-04	1.88e-04
2497	5.71e-04	1.87e-04
2498	5.71e-04	1.87e-04
2499	5.71e-04	1.86e-04
2500	5.71e-04	1.86e-04
2501	5.71e-04	1.85e-04
2502	5.71e-04	1.84e-04
2503	5.71e-04	1.84e-04
2504	5.71e-04	1.83e-04
2505	5.71e-04	1.83e-04
2506	5.71e-04	1.82e-04
2507	5.71e-04	1.81e-04
2508	5.71e-04	1.81e-04
2509	5.71e-04	1.80e-04
2510	5.71e-04	1.80e-04
2511	5.71e-04	1.79e-04
2512	5.71e-04	1.78e-04
2513	5.71e-04	1.78e-04
2514	5.71e-04	1.77e-04
2515	5.71e-04	1.77e-04
2516	5.71e-04	1.76e-04
2517	5.71e-04	1.76e-04
2518	5.71e-04	1.75e-04
2519	5.71e-04	1.74e-04
2520	5.71e-04	1.74e-04
2521	5.71e-04	1.73e-04
2522	5.71e-04	1.73e-04
2523	5.71e-04	1.72e-04
2524	5.71e-04	1.72e-04
2525	5.71e-04	1.71e-04
2526	5.71e-04	1.70e-04
2527	5.71e-04	1.70e-04
2528	5.71e-04	1.69e-04
2529	5.71e-04	1.69e-04
2530	5.71e-04	1.68e-04
2531	5.71e-04	1.68e-04
2532	5.71e-04	1.67e-04
2533	5.71e-04	1.67e-04
2534	5.71e-04	1.66e-04
2535	5.71e-04	1.65e-04
2536	5.71e-04	1.65e-04
2537	5.71e-04	1.64e-04
2538	5.71e-04	1.64e-04
2539	5.71e-04	1.63e-04
2540	5.71e-04	1.63e-04
2541	5.71e-04	1.62e-04
2542	5.71e-04	1.62e-04
2543	5.71e-04	1.61e-04
2544	5.71e-04	1.61e-04
2545	5.71e-04	1.60e-04
2546	5.71e-04	1.60e-04
2547	5.71e-04	1.59e-04
2548	5.71e-04	1.59e-04
2549	5.71e-04	1.58e-04
2550	5.71e-04	1.58e-04
2551	5.71e-04	1.57e-04
2552	5.71e-04	1.56e-04
2553	5.71e-04	1.56e-04
2554	5.71e-04	1.55e-04
2555	5.71e-04	1.55e-04
2556	5.71e-04	1.54e-04
2557	5.71e-04	1.54e-04
2558	5.71e-04	1.53e-04
2559	5.71e-04	1.53e-04
2560	5.71e-04	1.52e-04
2561	5.71e-04	1.52e-04
2562	5.71e-04	1.51e-04
2563	5.71e-04	1.51e-04
2564	5.71e-04	1.50e-04
2565	5.71e-04	1.50e-04
2566	5.71e-04	1.49e-04
2567	5.71e-04	1.49e-04
2568	5.71e-04	1.48e-04
2569	5.71e-04	1.48e-04
2570	5.71e-04	1.48e-04
2571	5.71e-04	1.47e-04
2572	5.71e-04	1.47e-04
2573	5.71e-04	1.46e-04
2574	5.71e-04	1.46e-04
2575	5.71e-04	1.45e-04
2576	5.71e-04	1.45e-04
2577	5.71e-04	1.44e-04
2578	5.71e-04	1.44e-04
2579	5.71e-04	1.43e-04
2580	5.71e-04	1.43e-04
2581	5.71e-04	1.42e-04
2582	5.71e-04	1.42e-04
2583	5.71e-04	1.41e-04
2584	5.71e-04	1.41e-04
2585	5.71e-04	1.40e-04
2586	5.71e-04	1.40e-04
2587	5.71e-04	1.40e-04
2588	5.71e-04	1.39e-04
2589	5.71e-04	1.39e-04
2590	5.71e-04	1.38e-04
2591	5.71e-04	1.38e-04
2592	5.71e-04	1.37e-04
2593	5.71e-04	1.37e-04
2594	5.71e-04	1.36e-04
2595	5.71e-04	1.36e-04
2596	5.71e-04	1.35e-04
2597	5.71e-04	1.35e-04
2598	5.71e-04	1.35e-04
2599	5.71e-04	1.34e-04
2600	5.71e-04	1.34e-04
2601	5.71e-04	1.33e-04
2602	5.71e-04	1.33e-04
2603	5.71e-04	1.32e-04
2604	5.71e-04	1.32e-04
2605	5.71e-04	1.32e-04
2606	5.71e-04	1.31e-04
2607	5.71e-04	1.31e-04
2608	5.71e-04	1.30e-04
2609	5.71e-04	1.30e-04
2610	5.71e-04	1.29e-04
2611	5.71e-04	1.29e-04
2612	5.71e-04	1.29e-04
2613	5.71e-04	1.28e-04
2614	5.71e-04	1.28e-04
2615	5.71e-04	1.27e-04
2616	5.71e-04	1.27e-04
2617	5.71e-04	1.26e-04
2618	5.71e-04	1.26e-04
2619	5.71e-04	1.26e-04
2620	5.71e-04	1.25e-04
2621	5.71e-04	1.25e-04
2622	5.71e-04	1.24e-04
2623	5.71e-04	1.24e-04
2624	5.71e-04	1.24e-04
2625	5.71e-04	1.23e-04
2626	5.71e-04	1.23e-04
2627	5.71e-04	1.22e-04
2628	5.71e-04	1.22e-04
2629	5.71e-04	1.22e-04
2630	5.71e-04	1.21e-04
2631	5.71e-04	1.21e-04
2632	5.71e-04	1.20e-04
2633	5.71e-04	1.20e-04
2634	5.71e-04	1.20e-04
2635	5.71e-04	1.19e-04
2636	5.71e-04	1.19e-04
2637	5.71e-04	1.18e-04
2638	5.71e-04	1.18e-04
2639	5.71e-04	1.18e-04
2640	5.71e-04	1.17e-04
2641	5.71e-04	1.17e-04
2642	5.71e-04	1.16e-04
2643	5.71e-04	1.16e-04
2644	5.71e-04	1.16e-04
2645	5.71e-04	1.15e-04
2646	5.71e-04	1.15e-04
2647	5.71e-04	1.15e-04
2648	5.71e-04	1.14e-04
2649	5.71e-04	1.14e-04
2650	5.71e-04	1.13e-04
2651	5.71e-04	1.13e-04
2652	5.71e-04	1.13e-04
2653	5.71e-04	1.12e-04
2654	5.71e-04	1.12e-04
2655	5.71e-04	1.12e-04
2656	5.71e-04	1.11e-04
2657	5.71e-04	1.11e-04
2658	5.71e-04	1.11e-04
2659	5.71e-04	1.10e-04
2660	5.71e-04	1.10e-04
2661	5.71e-04	1.09e-04
2662	5.71e-04	1.09e-04
2663	5.71e-04	1.09e-04
2664	5.71e-04	1.08e-04
2665	5.71e-04	1.08e-04
2666	5.71e-04	1.08e-04
2667	5.71e-04	1.07e-04
2668	5.71e-04	1.07e-04
2669	5.71e-04	1.07e-04
2670	5.71e-04	1.06e-04
2671	5.71e-04	1.06e-04
2672	5.71e-04	1.06e-04
2673	5.71e-04	1.05e-04
2674	5.71e-04	1.05e-04
2675	5.71e-04	1.05e-04
2676	5.71e-04	1.04e-04
2677	5.71e-04	1.04e-04
2678	5.71e-04	1.03e-04
2679	5.71e-04	1.03e-04
2680	5.71e-04	1.03e-04
2681	5.71e-04	1.02e-04
2682	5.71e-04	1.02e-04
2683	5.71e-04	1.02e-04
2684	5.71e-04	1.01e-04
2685	5.71e-04	1.01e-04
2686	5.71e-04	1.01e-04
2687	5.71e-04	1.00e-04
2688	5.71e-04	1.00e-04
2689	5.71e-04	9.98e-05
2690	5.71e-04	9.95e-05
2691	5.71e-04	9.92e-05
2692	5.71e-04	9.88e-05
2693	5.71e-04	9.85e-05
2694	5.71e-04	9.82e-05
2695	5.71e-04	9.79e-05
2696	5.71e-04	9.75e-05
2697	5.71e-04	9.72e-05
2698	5.71e-04	9.69e-05
2699	5.71e-04	9.66e-05
2700	5.71e-04	9.63e-05
2701	5.71e-04	9.60e-05
2702	5.71e-04	9.56e-05
2703	5.71e-04	9.53e-05
2704	5.71e-04	9.50e-05
2705	5.71e-04	9.47e-05
2706	5.71e-04	9.44e-05
2707	5.71e-04	9.41e-05
2708	5.71e-04	9.38e-05
2709	5.71e-04	9.35e-05
2710	5.71e-04	9.32e-05
2711	5.71e-04	9.29e-05
2712	5.71e-04	9.26e-05
2713	5.71e-04	9.23e-05
2714	5.71e-04	9.20e-05
2715	5.71e-04	9.17e-05
2716	5.71e-04	9.14e-05
2717	5.71e-04	9.11e-05
2718	5.71e-04	9.08e-05
2719	5.71e-04	9.05e-05
2720	5.71e-04	9.02e-05
2721	5.71e-04	8.99e-05
2722	5.71e-04	8.96e-05
2723	5.71e-04	8.93e-05
2724	5.71e-04	8.90e-05
2725	5.71e-04	8.87e-05
2726	5.71e-04	8.84e-05
2727	5.71e-04	8.81e-05
2728	5.71e-04	8.78e-05
2729	5.71e-04	8.75e-05
2730	5.71e-04	8.73e-05
2731	5.71e-04	8.70e-05
2732	5.71e-04	8.67e-05
2733	5.71e-04	8.64e-05
2734	5.71e-04	8.61e-05
2735	5.71e-04	8.58e-05
2736	5.71e-04	8.56e-05
2737	5.71e-04	8.53e-05
2738	5.71e-04	8.50e-05
2739	5.71e-04	8.47e-05
2740	5.71e-04	8.44e-05
2741	5.71e-04	8.42e-05
2742	5.71e-04	8.39e-05
2743	5.71e-04	8.36e-05
2744	5.71e-04	8.33e-05
2745	5.71e-04	8.31e-05
2746	5.71e-04	8.28e-05
2747	5.71e-04	8.25e-05
2748	5.71e-04	8.22e-05
2749	5.71e-04	8.20e-05
2750	5.71e-04	8.17e-05
2751	5.71e-04	8.14e-05
2752	5.71e-04	8.12e-05
2753	5.71e-04	8.09e-05
2754	5.71e-04	8.06e-05
2755	5.71e-04	8.04e-05
2756	5.71e-04	8.01e-05
2757	5.71e-04	7.99e-05
2758	5.71e-04	7.96e-05
2759	5.71e-04	7.93e-05
2760	5.71e-04	7.91e-05
2761	5.71e-04	7.88e-05
2762	5.71e-04	7.86e-05
2763	5.71e-04	7.83e-05
2764	5.71e-04	7.80e-05
2765	5.71e-04	7.78e-05
2766	5.71e-04	7.75e-05
2767	5.71e-04	7.73e-05
2768	5.71e-04	7.70e-05
2769	5.71e-04	7.68e-05
2770	5.71e-04	7.65e-05
2771	5.71e-04	7.63e-05
2772	5.71e-04	7.60e-05
2773	5.71e-04	7.58e-05
2774	5.71e-04	7.55e-05
2775	5.71e-04	7.53e-05
2776	5.71e-04	7.50e-05
2777	5.71e-04	7.48e-05
2778	5.71e-04	7.45e-05
2779	5.71e-04	7.43e-05
2780	5.71e-04	7.41e-05
2781	5.71e-04	7.38e-05
2782	5.71e-04	7.36e-05
2783	5.71e-04	7.33e-05
2784	5.71e-04	7.31e-05
2785	5.71e-04	7.28e-05
2786	5.71e-04	7.26e-05
2787	5.71e-04	7.24e-05
2788	5.71e-04	7.21e-05
2789	5.71e-04	7.19e-05
2790	5.71e-04	7.17e-05
2791	5.71e-04	7.14e-05
2792	5.71e-04	7.12e-05
2793	5.71e-04	7.10e-05
2794	5.71e-04	7.07e-05
2795	5.71e-04	7.05e-05
2796	5.71e-04	7.03e-05
2797	5.71e-04	7.00e-05
2798	5.71e-04	6.98e-05
2799	5.71e-04	6.96e-05
2800	5.71e-04	6.94e-05
2801	5.71e-04	6.91e-05
2802	5.71e-04	6.89e-05
2803	5.71e-04	6.87e-05
2804	5.71e-04	6.84e-05
2805	5.71e-04	6.82e-05
2806	5.71e-04	6.80e-05
2807	5.71e-04	6.78e-05
2808	5.71e-04	6.76e-05
2809	5.71e-04	6.73e-05
2810	5.71e-04	6.71e-05
2811	5.71e-04	6.69e-05
2812	5.71e-04	6.67e-05
2813	5.71e-04	6.65e-05
2814	5.71e-04	6.62e-05
2815	5.71e-04	6.60e-05
2816	5.71e-04	6.58e-05
2817	5.71e-04	6.56e-05
2818	5.71e-04	6.54e-05
2819	5.71e-04	6.52e-05
2820	5.71e-04	6.49e-05
2821	5.71e-04	6.47e-05
2822	5.71e-04	6.45e-05
2823	5.71e-04	6.43e-05
2824	5.71e-04	6.41e-05
2825	5.71e-04	6.39e-05
2826	5.71e-04	6.37e-05
2827	5.71e-04	6.35e-05
2828	5.71e-04	6.33e-05
2829	5.71e-04	6.31e-05
2830	5.71e-04	6.29e-05
2831	5.71e-04	6.26e-05
2832	5.71e-04	6.24e-05
2833	5.71e-04	6.22e-05
2834	5.71e-04	6.20e-05
2835	5.71e-04	6.18e-05
2836	5.71e-04	6.16e-05
2837	5.71e-04	6.14e-05
2838	5.71e-04	6.12e-05
2839	5.71e-04	6.10e-05
2840	5.71e-04	6.08e-05
2841	5.71e-04	6.06e-05
2842	5.71e-04	6.04e-05
2843	5.71e-04	6.02e-05
2844	5.71e-04	6.00e-05
2845	5.71e-04	5.98e-05
2846	5.71e-04	5.96e-05
2847	5.71e-04	5.94e-05
2848	5.71e-04	5.92e-05
2849	5.71e-04	5.91e-05
2850	5.71e-04	5.89e-05
2851	5.71e-04	5.87e-05
2852	5.71e-04	5.85e-05
2853	5.71e-04	5.83e-05
2854	5.71e-04	5.81e-05
2855	5.71e-04	5.79e-05
2856	5.71e-04	5.77e-05
2857	5.71e-04	5.75e-05
2858	5.71e-04	5.73e-05
2859	5.71e-04	5.72e-05
2860	5.71e-04	5.70e-05
2861	5.71e-04	5.68e-05
2862	5.71e-04	5.66e-05
2863	5.71e-04	5.64e-05
2864	5.71e-04	5.62e-05
2865	5.71e-04	5.60e-05
2866	5.71e-04	5.59e-05
2867	5.71e-04	5.57e-05
2868	5.71e-04	5.55e-05
2869	5.71e-04	5.53e-05
2870	5.71e-04	5.51e-05
2871	5.71e-04	5.49e-05
2872	5.71e-04	5.48e-05
2873	5.71e-04	5.46e-05
2874	5.71e-04	5.44e-05
2875	5.71e-04	5.42e-05
2876	5.71e-04	5.41e-05
2877	5.71e-04	5.39e-05
2878	5.71e-04	5.37e-05
2879	5.71e-04	5.35e-05
2880	5.71e-04	5.33e-05
2881	5.71e-04	5.32e-05
2882	5.71e-04	5.30e-05
2883	5.71e-04	5.28e-05
2884	5.71e-04	5.27e-05
2885	5.71e-04	5.25e-05
2886	5.71e-04	5.23e-05
2887	5.71e-04	5.21e-05
2888	5.71e-04	5.20e-05
2889	5.71e-04	5.18e-05
2890	5.71e-04	5.16e-05
2891	5.71e-04	5.15e-05
2892	5.71e-04	5.13e-05
2893	5.71e-04	5.11e-05
2894	5.71e-04	5.10e-05
2895	5.71e-04	5.08e-05
2896	5.71e-04	5.06e-05
2897	5.71e-04	5.05e-05
2898	5.71e-04	5.03e-05
2899	5.71e-04	5.01e-05
2900	5.71e-04	5.00e-05
2901	5.71e-04	4.98e-05
2902	5.71e-04	4.96e-05
2903	5.71e-04	4.95e-05
2904	5.71e-04	4.93e-05
2905	5.71e-04	4.91e-05
2906	5.71e-04	4.90e-05
2907	5.71e-04	4.88e-05
2908	5.71e-04	4.87e-05
2909	5.71e-04	4.85e-05
2910	5.71e-04	4.84e-05
2911	5.71e-04	4.82e-05
2912	5.71e-04	4.80e-05
2913	5.71e-04	4.79e-05
2914	5.71e-04	4.77e-05
2915	5.71e-04	4.76e-05
2916	5.71e-04	4.74e-05
2917	5.71e-04	4.73e-05
2918	5.71e-04	4.71e-05
2919	5.71e-04	4.69e-05
2920	5.71e-04	4.68e-05
2921	5.71e-04	4.66e-05
2922	5.71e-04	4.65e-05
2923	5.71e-04	4.63e-05
2924	5.71e-04	4.62e-05
2925	5.71e-04	4.60e-05
2926	5.71e-04	4.59e-05
2927	5.71e-04	4.57e-05
2928	5.71e-04	4.56e-05
2929	5.71e-04	4.54e-05
2930	5.71e-04	4.53e-05
2931	5.71e-04	4.51e-05
2932	5.71e-04	4.50e-05
2933	5.71e-04	4.48e-05
2934	5.71e-04	4.47e-05
2935	5.71e-04	4.45e-05
2936	5.71e-04	4.44e-05
2937	5.71e-04	4.43e-05
2938	5.71e-04	4.41e-05
2939	5.71e-04	4.40e-05
2940	5.71e-04	4.38e-05
2941	5.71e-04	4.37e-05
2942	5.71e-04	4.35e-05
2943	5.71e-04	4.34e-05
2944	5.71e-04	4.33e-05
2945	5.71e-04	4.31e-05
2946	5.71e-04	4.30e-05
2947	5.71e-04	4.28e-05
2948	5.71e-04	4.27e-05
2949	5.71e-04	4.25e-05
2950	5.71e-04	4.24e-05
2951	5.71e-04	4.23e-05
2952	5.71e-04	4.21e-05
2953	5.71e-04	4.20e-05
2954	5.71e-04	4.19e-05
2955	5.71e-04	4.17e-05
2956	5.71e-04	4.16e-05
2957	5.71e-04	4.14e-05
2958	5.71e-04	4.13e-05
2959	5.71e-04	4.12e-05
2960	5.71e-04	4.10e-05
2961	5.71e-04	4.09e-05
2962	5.71e-04	4.08e-05
2963	5.71e-04	4.06e-05
2964	5.71e-04	4.05e-05
2965	5.71e-04	4.04e-05
2966	5.71e-04	4.02e-05
2967	5.71e-04	4.01e-05
2968	5.71e-04	4.00e-05
2969	5.71e-04	3.98e-05
2970	5.71e-04	3.97e-05
2971	5.71e-04	3.96e-05
2972	5.71e-04	3.95e-05
2973	5.71e-04	3.93e-05
2974	5.71e-04	3.92e-05
2975	5.71e-04	3.91e-05
2976	5.71e-04	3.89e-05
2977	5.71e-04	3.88e-05
2978	5.71e-04	3.87e-05
2979	5.71e-04	3.86e-05
2980	5.71e-04	3.84e-05
2981	5.71e-04	3.83e-05
2982	5.71e-04	3.82e-05
2983	5.71e-04	3.81e-05
2984	5.71e-04	3.79e-05
2985	5.71e-04	3.78e-05
2986	5.71e-04	3.77e-05
2987	5.71e-04	3.76e-05
2988	5.71e-04	3.74e-05
2989	5.71e-04	3.73e-05
2990	5.71e-04	3.72e-05
2991	5.71e-04	3.71e-05
2992	5.71e-04	3.70e-05
2993	5.71e-04	3.68e-05
2994	5.71e-04	3.67e-05
2995	5.71e-04	3.66e-05
2996	5.71e-04	3.65e-05
2997	5.71e-04	3.64e-05
2998	5.71e-04	3.62e-05
2999	5.71e-04	3.61e-05
3000	5.71e-04	3.60e-05
3001	5.71e-04	3.59e-05
3002	5.71e-04	3.58e-05
3003	5.71e-04	3.56e-05
3004	5.71e-04	3.55e-05
3005	5.71e-04	3.54e-05
3006	5.71e-04	3.53e-05
3007	5.71e-04	3.52e-05
3008	5.71e-04	3.51e-05
3009	5.71e-04	3.50e-05
3010	5.71e-04	3.48e-05
3011	5.71e-04	3.47e-05
3012	5.71e-04	3.46e-05
3013	5.71e-04	3.45e-05
3014	5.71e-04	3.44e-05
3015	5.71e-04	3.43e-05
3016	5.71e-04	3.42e-05
3017	5.71e-04	3.40e-05
3018	5.71e-04	3.39e-05
3019	5.71e-04	3.38e-05
3020	5.71e-04	3.37e-05
3021	5.71e-04	3.36e-05
3022	5.71e-04	3.35e-05
3023	5.71e-04	3.34e-05
3024	5.71e-04	3.33e-05
3025	5.71e-04	3.32e-05
3026	5.71e-04	3.31e-05
3027	5.71e-04	3.29e-05
3028	5.71e-04	3.28e-05
3029	5.71e-04	3.27e-05
3030	5.71e-04	3.26e-05
3031	5.71e-04	3.25e-05
3032	5.71e-04	3.24e-05
3033	5.71e-04	3.23e-05
3034	5.71e-04	3.22e-05
3035	5.71e-04	3.21e-05
3036	5.71e-04	3.20e-05
3037	5.71e-04	3.19e-05
3038	5.71e-04	3.18e-05
3039	5.71e-04	3.17e-05
3040	5.71e-04	3.16e-05
3041	5.71e-04	3.15e-05
3042	5.71e-04	3.14e-05
3043	5.71e-04	3.13e-05
3044	5.71e-04	3.12e-05
3045	5.71e-04	3.11e-05
3046	5.71e-04	3.10e-05
3047	5.71e-04	3.09e-05
3048	5.71e-04	3.08e-05
3049	5.71e-04	3.07e-05
3050	5.71e-04	3.06e-05
3051	5.71e-04	3.05e-05
3052	5.71e-04	3.04e-05
3053	5.71e-04	3.03e-05
3054	5.71e-04	3.02e-05
3055	5.71e-04	3.01e-05
3056	5.71e-04	3.00e-05
3057	5.71e-04	2.99e-05
3058	5.71e-04	2.98e-05
3059	5.71e-04	2.97e-05
3060	5.71e-04	2.96e-05
3061	5.71e-04	2.95e-05
3062	5.71e-04	2.94e-05
3063	5.71e-04	2.93e-05
3064	5.71e-04	2.92e-05
3065	5.71e-04	2.91e-05
3066	5.71e-04	2.90e-05
3067	5.71e-04	2.89e-05
3068	5.71e-04	2.88e-05
3069	5.71e-04	2.87e-05
3070	5.71e-04	2.86e-05
3071	5.71e-04	2.85e-05
3072	5.71e-04	2.84e-05
3073	5.71e-04	2.83e-05
3074	5.71e-04	2.82e-05
3075	5.71e-04	2.82e-05
3076	5.71e-04	2.81e-05
3077	5.71e-04	2.80e-05
3078	5.71e-04	2.79e-05
3079	5.71e-04	2.78e-05
3080	5.71e-04	2.77e-05
3081	5.71e-04	2.76e-05
3082	5.71e-04	2.75e-05
3083	5.71e-04	2.74e-05
3084	5.71e-04	2.73e-05
3085	5.71e-04	2.72e-05
3086	5.71e-04	2.72e-05
3087	5.71e-04	2.71e-05
3088	5.71e-04	2.70e-05
3089	5.71e-04	2.69e-05
3090	5.71e-04	2.68e-05
3091	5.71e-04	2.67e-05
3092	5.71e-04	2.66e-05
3093	5.71e-04	2.65e-05
3094	5.71e-04	2.65e-05
3095	5.71e-04	2.64e-05
3096	5.71e-04	2.63e-05
3097	5.71e-04	2.62e-05
3098	5.71e-04	2.61e-05
3099	5.71e-04	2.60e-05
3100	5.71e-04	2.59e-05
3101	5.71e-04	2.59e-05
3102	5.71e-04	2.58e-05
3103	5.71e-04	2.57e-05
3104	5.71e-04	2.56e-05
3105	5.71e-04	2.55e-05
3106	5.71e-04	2.54e-05
3107	5.71e-04	2.54e-05
3108	5.71e-04	2.53e-05
3109	5.71e-04	2.52e-05
3110	5.71e-04	2.51e-05
3111	5.71e-04	2.50e-05
3112	5.71e-04	2.49e-05
3113	5.71e-04	2.49e-05
3114	5.71e-04	2.48e-05
3115	5.71e-04	2.47e-05
3116	5.71e-04	2.46e-05
3117	5.71e-04	2.45e-05
3118	5.71e-04	2.45e-05
3119	5.71e-04	2.44e-05
3120	5.71e-04	2.43e-05
3121	5.71e-04	2.42e-05
3122	5.71e-04	2.41e-05
3123	5.71e-04	2.41e-05
3124	5.71e-04	2.40e-05
3125	5.71e-04	2.39e-05
3126	5.71e-04	2.38e-05
3127	5.71e-04	2.37e-05
3128	5.71e-04	2.37e-05
3129	5.71e-04	2.36e-05
3130	5.71e-04	2.35e-05
3131	5.71e-04	2.34e-05
3132	5.71e-04	2.34e-05
3133	5.71e-04	2.33e-05
3134	5.71e-04	2.32e-05
3135	5.71e-04	2.31e-05
3136	5.71e-04	2.31e-05
3137	5.71e-04	2.30e-05
3138	5.71e-04	2.29e-05
3139	5.71e-04	2.28e-05
3140	5.71e-04	2.28e-05
3141	5.71e-04	2.27e-05
3142	5.71e-04	2.26e-05
3143	5.71e-04	2.25e-05
3144	5.71e-04	2.25e-05
3145	5.71e-04	2.24e-05
3146	5.71e-04	2.23e-05
3147	5.71e-04	2.22e-05
3148	5.71e-04	2.22e-05
3149	5.71e-04	2.21e-05
3150	5.71e-04	2.20e-05
3151	5.71e-04	2.19e-05
3152	5.71e-04	2.19e-05
3153	5.71e-04	2.18e-05
3154	5.71e-04	2.17e-05
3155	5.71e-04	2.17e-05
3156	5.71e-04	2.16e-05
3157	5.71e-04	2.15e-05
3158	5.71e-04	2.15e-05
3159	5.71e-04	2.14e-05
3160	5.71e-04	2.13e-05
3161	5.71e-04	2.12e-05
3162	5.71e-04	2.12e-05
3163	5.71e-04	2.11e-05
3164	5.71e-04	2.10e-05
3165	5.71e-04	2.10e-05
3166	5.71e-04	2.09e-05
3167	5.71e-04	2.08e-05
3168	5.71e-04	2.08e-05
3169	5.71e-04	2.07e-05
3170	5.71e-04	2.06e-05
3171	5.71e-04	2.06e-05
3172	5.71e-04	2.05e-05
3173	5.71e-04	2.04e-05
3174	5.71e-04	2.04e-05
3175	5.71e-04	2.03e-05
3176	5.71e-04	2.02e-05
3177	5.71e-04	2.02e-05
3178	5.71e-04	2.01e-05
3179	5.71e-04	2.00e-05
3180	5.71e-04	2.00e-05
3181	5.71e-04	1.99e-05
3182	5.71e-04	1.98e-05
3183	5.71e-04	1.98e-05
3184	5.71e-04	1.97e-05
3185	5.71e-04	1.96e-05
3186	5.71e-04	1.96e-05
3187	5.71e-04	1.95e-05
3188	5.71e-04	1.94e-05
3189	5.71e-04	1.94e-05
3190	5.71e-04	1.93e-05
3191	5.71e-04	1.93e-05
3192	5.71e-04	1.92e-05
3193	5.71e-04	1.91e-05
3194	5.71e-04	1.91e-05
3195	5.71e-04	1.90e-05
3196	5.71e-04	1.89e-05
3197	5.71e-04	1.89e-05
3198	5.71e-04	1.88e-05
3199	5.71e-04	1.88e-05
3200	5.71e-04	1.87e-05
3201	5.71e-04	1.86e-05
3202	5.71e-04	1.86e-05
3203	5.71e-04	1.85e-05
3204	5.71e-04	1.85e-05
3205	5.71e-04	1.84e-05
3206	5.71e-04	1.83e-05
3207	5.71e-04	1.83e-05
3208	5.71e-04	1.82e-05
3209	5.71e-04	1.82e-05
3210	5.71e-04	1.81e-05
3211	5.71e-04	1.80e-05
3212	5.71e-04	1.80e-05
3213	5.71e-04	1.79e-05
3214	5.71e-04	1.79e-05
3215	5.71e-04	1.78e-05
3216	5.71e-04	1.77e-05
3217	5.71e-04	1.77e-05
3218	5.71e-04	1.76e-05
3219	5.71e-04	1.76e-05
3220	5.71e-04	1.75e-05
3221	5.71e-04	1.75e-05
3222	5.71e-04	1.74e-05
3223	5.71e-04	1.73e-05
3224	5.71e-04	1.73e-05
3225	5.71e-04	1.72e-05
3226	5.71e-04	1.72e-05
3227	5.71e-04	1.71e-05
3228	5.71e-04	1.71e-05
3229	5.71e-04	1.70e-05
3230	5.71e-04	1.69e-05
3231	5.71e-04	1.69e-05
3232	5.71e-04	1.68e-05
3233	5.71e-04	1.68e-05
3234	5.71e-04	1.67e-05
3235	5.71e-04	1.67e-05
3236	5.71e-04	1.66e-05
3237	5.71e-04	1.66e-05
3238	5.71e-04	1.65e-05
3239	5.71e-04	1.65e-05
3240	5.71e-04	1.64e-05
3241	5.71e-04	1.63e-05
3242	5.71e-04	1.63e-05
3243	5.71e-04	1.62e-05
3244	5.71e-04	1.62e-05
3245	5.71e-04	1.61e-05
3246	5.71e-04	1.61e-05
3247	5.71e-04	1.60e-05
3248	5.71e-04	1.60e-05
3249	5.71e-04	1.59e-05
3250	5.71e-04	1.59e-05
3251	5.71e-04	1.58e-05
3252	5.71e-04	1.58e-05
3253	5.71e-04	1.57e-05
3254	5.71e-04	1.57e-05
3255	5.71e-04	1.56e-05
3256	5.71e-04	1.56e-05
3257	5.71e-04	1.55e-05
3258	5.71e-04	1.55e-05
3259	5.71e-04	1.54e-05
3260	5.71e-04	1.54e-05
3261	5.71e-04	1.53e-05
3262	5.71e-04	1.53e-05
3263	5.71e-04	1.52e-05
3264	5.71e-04	1.52e-05
3265	5.71e-04	1.51e-05
3266	5.71e-04	1.51e-05
3267	5.71e-04	1.50e-05
3268	5.71e-04	1.50e-05
3269	5.71e-04	1.49e-05
3270	5.71e-04	1.49e-05
3271	5.71e-04	1.48e-05
3272	5.71e-04	1.48e-05
3273	5.71e-04	1.47e-05
3274	5.71e-04	1.47e-05
3275	5.71e-04	1.46e-05
3276	5.71e-04	1.46e-05
3277	5.71e-04	1.45e-05
3278	5.71e-04	1.45e-05
3279	5.71e-04	1.44e-05
3280	5.71e-04	1.44e-05
3281	5.71e-04	1.43e-05
3282	5.71e-04	1.43e-05
3283	5.71e-04	1.42e-05
3284	5.71e-04	1.42e-05
3285	5.71e-04	1.42e-05
3286	5.71e-04	1.41e-05
3287	5.71e-04	1.41e-05
3288	5.71e-04	1.40e-05
3289	5.71e-04	1.40e-05
3290	5.71e-04	1.39e-05
3291	5.71e-04	1.39e-05
3292	5.71e-04	1.38e-05
3293	5.71e-04	1.38e-05
3294	5.71e-04	1.37e-05
3295	5.71e-04	1.37e-05
3296	5.71e-04	1.37e-05
3297	5.71e-04	1.36e-05
3298	5.71e-04	1.36e-05
3299	5.71e-04	1.35e-05
3300	5.71e-04	1.35e-05
3301	5.71e-04	1.34e-05
3302	5.71e-04	1.34e-05
3303	5.71e-04	1.33e-05
3304	5.71e-04	1.33e-05
3305	5.71e-04	1.33e-05
3306	5.71e-04	1.32e-05
3307	5.71e-04	1.32e-05
3308	5.71e-04	1.31e-05
3309	5.71e-04	1.31e-05
3310	5.71e-04	1.30e-05
3311	5.71e-04	1.30e-05
3312	5.71e-04	1.30e-05
3313	5.71e-04	1.29e-05
3314	5.71e-04	1.29e-05
3315	5.71e-04	1.28e-05
3316	5.71e-04	1.28e-05
3317	5.71e-04	1.27e-05
3318	5.71e-04	1.27e-05
3319	5.71e-04	1.27e-05
3320	5.71e-04	1.26e-05
3321	5.71e-04	1.26e-05
3322	5.71e-04	1.25e-05
3323	5.71e-04	1.25e-05
3324	5.71e-04	1.25e-05
3325	5.71e-04	1.24e-05
3326	5.71e-04	1.24e-05
3327	5.71e-04	1.23e-05
3328	5.71e-04	1.23e-05
3329	5.71e-04	1.23e-05
3330	5.71e-04	1.22e-05
3331	5.71e-04	1.22e-05
3332	5.71e-04	1.21e-05
3333	5.71e-04	1.21e-05
3334	5.71e-04	1.21e-05
3335	5.71e-04	1.20e-05
3336	5.71e-04	1.20e-05
3337	5.71e-04	1.19e-05
3338	5.71e-04	1.19e-05
3339	5.71e-04	1.19e-05
3340	5.71e-04	1.18e-05
3341	5.71e-04	1.18e-05
3342	5.71e-04	1.17e-05
3343	5.71e-04	1.17e-05
3344	5.71e-04	1.17e-05
3345	5.71e-04	1.16e-05
3346	5.71e-04	1.16e-05
3347	5.71e-04	1.16e-05
3348	5.71e-04	1.15e-05
3349	5.71e-04	1.15e-05
3350	5.71e-04	1.14e-05
3351	5.71e-04	1.14e-05
3352	5.71e-04	1.14e-05
3353	5.71e-04	1.13e-05
3354	5.71e-04	1.13e-05
3355	5.71e-04	1.13e-05
3356	5.71e-04	1.12e-05
3357	5.71e-04	1.12e-05
3358	5.71e-04	1.11e-05
3359	5.71e-04	1.11e-05
3360	5.71e-04	1.11e-05
3361	5.71e-04	1.10e-05
3362	5.71e-04	1.10e-05
3363	5.71e-04	1.10e-05
3364	5.71e-04	1.09e-05
3365	5.71e-04	1.09e-05
3366	5.71e-04	1.09e-05
3367	5.71e-04	1.08e-05
3368	5.71e-04	1.08e-05
3369	5.71e-04	1.08e-05
3370	5.71e-04	1.07e-05
3371	5.71e-04	1.07e-05
3372	5.71e-04	1.06e-05
3373	5.71e-04	1.06e-05
3374	5.71e-04	1.06e-05
3375	5.71e-04	1.05e-05
3376	5.71e-04	1.05e-05
3377	5.71e-04	1.05e-05
3378	5.71e-04	1.04e-05
3379	5.71e-04	1.04e-05
3380	5.71e-04	1.04e-05
3381	5.71e-04	1.03e-05
3382	5.71e-04	1.03e-05
3383	5.71e-04	1.03e-05
3384	5.71e-04	1.02e-05
3385	5.71e-04	1.02e-05
3386	5.71e-04	1.02e-05
3387	5.71e-04	1.01e-05
3388	5.71e-04	1.01e-05
3389	5.71e-04	1.01e-05
3390	5.71e-04	1.00e-05
3391	5.71e-04	1.00e-05
3392	5.71e-04	9.97e-06
