0	2.00e-06	1.33e+02
1	2.00e-06	1.80e+30
2	4.05e-77	3.02e+101
3	1.09e-79	1.10e+104
4	2.21e-78	1.21e+102
5	3.16e-77	9.09e+101
6	2.37e-79	1.22e+104
7	3.52e-78	2.38e+102
8	1.58e-80	6.34e+104
9	1.01e-80	3.45e+104
10	2.72e-79	4.33e+103
11	1.49e-81	4.41e+105
12	4.02e-80	5.44e+103
13	1.08e-78	1.37e+103
14	9.65e-82	1.64e+106
15	2.61e-80	9.09e+104
16	1.99e-79	8.85e+102
17	2.70e-78	5.00e+102
18	3.83e-77	3.13e+102
19	8.46e-85	9.36e+109
20	2.28e-83	1.16e+108
21	6.17e-82	1.43e+106
22	1.66e-80	1.76e+104
23	4.49e-79	2.46e+102
24	6.49e-78	1.69e+102
25	3.35e-81	3.24e+106
26	1.37e-84	4.91e+109
27	3.70e-83	8.28e+107
28	1.00e-81	4.31e+106
29	2.70e-80	9.79e+103
30	3.66e-79	3.69e+102
31	5.87e-78	8.31e+101
32	2.45e-80	1.05e+104
33	6.62e-79	4.48e+102
34	3.69e-79	8.54e+102
35	9.96e-78	4.99e+101
36	8.85e-79	2.22e+103
37	1.22e-77	1.68e+102
38	1.51e-76	1.06e+101
39	4.79e-82	2.00e+106
40	1.29e-80	1.99e+105
41	1.47e-82	9.67e+106
42	3.96e-81	1.19e+105
43	1.07e-79	1.66e+103
44	1.35e-78	4.13e+102
45	1.89e-77	3.48e+101
46	3.99e-78	1.15e+103
47	1.53e-83	1.96e+108
48	4.14e-82	2.42e+106
49	1.12e-80	2.99e+104
50	3.02e-79	3.69e+102
51	8.16e-78	5.13e+100
52	1.24e-76	3.40e+100
53	2.86e-79	1.38e+103
54	4.84e-78	7.34e+101
55	1.71e-77	1.32e+101
56	3.83e-79	2.69e+102
57	1.03e-77	9.51e+100
58	8.68e-77	2.07e+101
59	1.06e-78	2.08e+103
60	9.31e-82	8.23e+105
61	2.51e-80	1.02e+104
62	6.78e-79	1.31e+102
63	1.83e-77	9.42e+101
64	2.36e-81	7.41e+105
65	6.37e-80	2.99e+103
66	9.71e-79	2.58e+102
67	7.98e-79	1.08e+102
68	2.16e-77	8.43e+100
69	1.70e-76	2.10e+100
70	7.94e-79	3.37e+102
71	1.16e-77	2.72e+101
72	9.24e-79	2.28e+102
73	2.47e-77	1.06e+101
74	2.21e-79	5.69e+102
75	5.97e-78	2.46e+101
76	1.61e-76	1.25e+101
77	3.70e-77	1.08e+102
78	2.29e-78	1.55e+103
79	6.36e-81	6.35e+104
80	1.72e-79	1.32e+103
81	4.63e-78	2.27e+102
82	1.82e-81	3.37e+105
83	4.91e-80	1.93e+105
84	1.81e-84	3.40e+109
85	4.88e-83	4.19e+107
86	1.32e-81	5.18e+105
87	3.56e-80	6.38e+103
88	9.47e-79	1.01e+102
89	1.74e-77	1.44e+101
90	1.04e-77	4.02e+101
91	1.44e-79	4.16e+103
92	3.86e-80	1.58e+104
93	2.04e-79	7.16e+102
94	2.81e-78	1.06e+103
95	4.54e-77	6.82e+101
96	2.22e-80	1.25e+104
97	6.00e-79	7.47e+102
98	8.22e-78	2.16e+101
99	4.35e-77	5.43e+100
100	5.24e-78	2.47e+101
101	8.20e-77	1.87e+101
102	9.80e-81	1.73e+105
103	2.65e-79	5.26e+102
104	3.61e-78	1.15e+102
105	9.28e-78	4.79e+101
106	1.33e-76	3.47e+101
107	6.57e-78	7.08e+102
108	4.24e-78	1.12e+101
109	1.15e-76	8.10e+100
110	1.09e-78	8.66e+102
111	1.65e-77	3.14e+101
112	4.68e-79	1.11e+103
113	6.23e-80	3.03e+103
114	1.68e-78	4.39e+101
115	2.27e-77	6.95e+102
116	1.32e-76	1.20e+102
117	1.40e-78	6.94e+102
118	3.08e-81	1.67e+105
119	8.32e-80	2.77e+103
120	1.16e-78	2.00e+102
121	1.88e-77	2.46e+102
122	4.96e-79	9.39e+103
123	1.23e-77	4.37e+101
124	9.39e-78	6.28e+101
125	1.16e-79	1.32e+103
126	3.14e-78	1.84e+101
127	4.34e-77	4.58e+102
128	1.81e-85	7.33e+110
129	4.88e-84	9.04e+108
130	1.32e-82	1.12e+107
131	3.56e-81	1.43e+105
132	4.90e-80	9.60e+104
133	1.93e-80	2.48e+105
134	5.22e-79	1.17e+103
135	8.47e-79	1.32e+103
136	2.30e-79	6.24e+103
137	7.90e-81	3.58e+105
138	1.41e-82	1.02e+107
139	3.81e-81	1.26e+105
140	1.03e-79	1.84e+105
141	1.15e-84	1.08e+110
142	3.10e-83	1.33e+108
143	8.37e-82	1.64e+106
144	2.26e-80	2.03e+104
145	6.10e-79	2.75e+102
146	8.26e-78	2.18e+103
147	2.25e-81	8.02e+106
148	6.08e-80	2.17e+104
149	1.07e-78	1.42e+103
150	2.01e-77	3.43e+102
151	7.77e-80	1.07e+105
152	1.34e-81	3.45e+106
153	3.63e-80	1.27e+104
154	1.04e-78	5.11e+102
155	3.37e-78	2.42e+102
156	9.07e-79	9.83e+102
157	1.99e-77	2.77e+102
158	3.83e-82	1.40e+107
159	9.13e-81	2.52e+105
160	3.51e-82	3.02e+106
161	9.48e-81	3.76e+104
162	2.28e-79	1.68e+103
163	4.68e-78	3.43e+102
164	4.00e-81	2.36e+105
165	1.08e-79	5.00e+103
166	2.48e-79	5.66e+102
167	3.49e-78	1.32e+102
168	2.98e-79	1.04e+105
169	2.29e-81	1.37e+107
170	6.18e-80	3.06e+103
171	1.67e-78	5.96e+102
172	2.34e-81	2.50e+105
173	6.31e-80	1.02e+104
174	1.70e-78	3.09e+102
175	4.28e-79	1.53e+103
176	3.56e-79	9.81e+102
177	9.61e-78	2.09e+102
178	3.55e-80	5.69e+104
179	9.57e-79	9.66e+102
180	2.31e-79	1.97e+103
181	8.23e-80	2.50e+103
182	2.22e-78	2.53e+102
183	1.18e-78	4.92e+102
184	1.94e-80	1.52e+104
185	5.25e-79	3.15e+103
186	4.72e-82	2.03e+106
187	1.28e-80	2.51e+104
188	3.44e-79	6.03e+102
189	9.30e-78	1.99e+102
190	3.80e-82	2.72e+106
191	1.03e-80	3.37e+104
192	2.47e-79	1.72e+103
193	2.00e-79	5.78e+103
194	1.15e-79	1.33e+105
195	2.28e-84	4.33e+109
196	6.14e-83	5.74e+107
197	1.66e-81	2.56e+106
198	4.48e-80	8.16e+103
199	1.21e-78	3.96e+104
200	1.30e-86	2.45e+112
201	3.51e-85	3.02e+110
202	9.48e-84	3.73e+108
203	2.56e-82	4.93e+106
204	3.50e-81	1.64e+105
205	5.65e-80	4.38e+103
206	9.99e-79	5.61e+102
207	1.72e-77	2.38e+102
208	1.39e-81	3.04e+106
209	3.74e-80	3.75e+104
210	2.11e-81	3.64e+105
211	5.69e-80	2.97e+105
212	3.10e-85	3.56e+110
213	8.38e-84	4.40e+108
214	2.26e-82	5.43e+106
215	6.11e-81	7.97e+104
216	1.02e-79	8.80e+103
217	6.26e-79	1.89e+103
218	2.36e-79	2.33e+103
219	3.29e-78	1.02e+103
220	4.37e-83	4.86e+107
221	1.18e-81	6.00e+105
222	3.19e-80	7.32e+104
223	8.61e-79	3.32e+103
224	6.55e-80	1.93e+104
225	1.77e-78	1.02e+103
226	2.61e-77	1.65e+102
227	3.18e-82	1.89e+107
228	8.59e-82	1.87e+106
229	1.18e-80	1.37e+105
230	4.74e-81	4.43e+105
231	1.28e-79	2.70e+104
232	4.18e-81	1.92e+105
233	1.13e-79	3.79e+103
234	1.60e-78	6.52e+102
235	1.97e-79	4.61e+103
236	4.75e-78	3.06e+102
237	1.87e-80	9.73e+104
238	4.16e-81	1.12e+105
239	1.12e-79	9.24e+103
240	5.41e-80	1.16e+104
241	1.90e-79	9.04e+102
242	2.56e-78	9.33e+102
243	1.42e-81	2.52e+106
244	4.93e-81	1.78e+105
245	7.53e-80	9.12e+104
246	4.83e-84	9.17e+108
247	1.30e-82	1.13e+107
248	3.52e-81	2.74e+105
249	9.51e-80	2.52e+104
250	1.99e-78	1.40e+103
251	4.41e-81	1.79e+105
252	1.19e-79	2.56e+103
253	2.23e-78	1.03e+103
254	3.02e-77	1.50e+102
255	4.68e-81	8.12e+105
256	1.26e-79	7.34e+103
257	3.59e-79	1.35e+103
258	6.05e-78	1.04e+102
259	1.84e-80	1.63e+104
260	4.98e-79	4.05e+103
261	1.24e-77	1.93e+102
262	4.98e-78	2.35e+102
263	2.91e-80	2.39e+104
264	7.86e-79	6.84e+102
265	2.11e-79	1.07e+103
266	5.70e-78	8.67e+101
267	1.43e-79	1.24e+103
268	2.58e-78	1.43e+102
269	9.75e-79	2.39e+102
270	2.63e-77	3.66e+101
271	7.46e-81	5.50e+104
272	1.70e-79	4.69e+103
273	2.32e-78	2.86e+102
274	3.04e-79	1.83e+103
275	8.20e-78	5.95e+101
276	4.30e-77	1.22e+102
277	8.72e-83	3.44e+107
278	1.21e-81	1.21e+106
279	1.72e-80	3.67e+104
280	2.37e-79	9.81e+103
281	3.56e-78	7.13e+102
282	1.06e-79	5.63e+103
283	1.46e-79	3.67e+103
284	2.67e-78	1.01e+103
285	1.24e-80	3.33e+105
286	3.34e-79	1.03e+104
287	2.18e-79	1.56e+103
288	2.65e-78	1.62e+103
289	3.04e-80	2.75e+105
290	4.36e-84	1.05e+109
291	1.18e-82	1.30e+107
292	3.18e-81	1.60e+105
293	8.59e-80	2.07e+103
294	1.41e-78	6.75e+102
295	1.51e-78	9.70e+103
296	3.77e-84	2.55e+109
297	1.02e-82	3.15e+107
298	2.75e-81	3.89e+105
299	7.42e-80	4.97e+103
300	1.06e-78	3.41e+102
301	1.43e-77	1.47e+102
302	7.51e-82	1.50e+106
303	1.08e-80	9.24e+104
304	1.51e-79	6.57e+104
305	2.25e-78	4.50e+103
306	1.09e-77	2.63e+102
307	1.20e-79	3.42e+104
308	7.15e-83	2.52e+107
309	1.93e-81	3.11e+105
310	5.22e-80	3.85e+103
311	1.41e-78	1.85e+102
312	3.25e-78	1.50e+103
313	2.02e-83	1.37e+108
314	5.45e-82	7.58e+106
315	4.16e-81	1.98e+105
316	5.65e-80	5.79e+103
317	9.06e-79	4.71e+102
318	3.40e-79	3.20e+102
319	6.37e-78	1.62e+102
320	7.57e-80	1.31e+104
321	1.09e-78	5.80e+102
322	1.44e-80	2.16e+104
323	3.90e-79	2.92e+103
324	9.47e-78	1.34e+102
325	2.06e-78	2.15e+103
326	1.79e-83	1.60e+108
327	4.83e-82	1.98e+106
328	1.30e-80	2.86e+104
329	1.99e-79	4.76e+103
330	1.71e-79	1.10e+103
331	2.43e-78	9.55e+101
332	3.32e-77	2.08e+103
333	4.34e-87	1.06e+113
334	1.17e-85	1.30e+111
335	3.17e-84	1.61e+109
336	8.55e-83	6.21e+107
337	9.48e-83	1.73e+107
338	2.56e-81	2.96e+105
339	6.09e-80	2.01e+104
340	8.23e-79	1.23e+103
341	4.55e-78	2.51e+102
342	3.94e-81	1.24e+105
343	5.41e-80	1.15e+104
344	6.42e-80	2.98e+103
345	1.13e-78	1.32e+103
346	3.42e-81	2.52e+105
347	9.22e-80	5.69e+103
348	3.05e-79	1.05e+103
349	4.80e-78	2.39e+102
350	4.62e-79	4.61e+103
351	4.05e-81	4.11e+105
352	5.70e-80	3.45e+104
353	9.31e-79	5.92e+103
354	1.15e-83	2.90e+108
355	2.41e-82	6.50e+106
356	5.19e-81	1.10e+105
357	1.13e-79	5.02e+103
358	5.21e-80	2.49e+104
359	1.41e-78	1.10e+103
360	8.02e-78	1.33e+102
361	1.08e-80	1.43e+106
362	4.19e-85	2.39e+110
363	1.13e-83	2.95e+108
364	3.05e-82	3.83e+106
365	4.13e-81	3.40e+105
366	6.60e-80	3.23e+104
367	8.31e-79	1.03e+105
368	2.29e-87	2.48e+113
369	6.18e-86	3.06e+111
370	1.67e-84	3.78e+109
371	4.50e-83	4.67e+107
372	1.22e-81	5.76e+105
373	3.28e-80	7.14e+103
374	8.87e-79	6.38e+102
375	1.38e-78	1.34e+103
376	5.14e-81	3.21e+105
377	8.30e-80	6.33e+109
378	1.00e-96	6.23e+126
379	1.86e-97	8.02e+127
380	7.13e-100	1.18e+130
381	1.92e-98	1.47e+128
382	2.90e-97	5.67e+126
383	4.93e-96	1.01e+126
384	2.14e-97	1.60e+127
385	2.90e-96	6.88e+125
386	1.81e-96	1.48e+126
387	4.89e-95	1.26e+125
388	1.17e-96	3.18e+126
389	1.04e-95	4.92e+125
390	1.44e-94	6.39e+124
391	4.35e-96	2.06e+126
392	2.55e-97	4.18e+127
393	4.49e-96	2.74e+126
394	2.58e-97	4.56e+126
395	6.96e-96	9.36e+124
396	1.23e-94	3.64e+124
397	8.01e-97	5.27e+126
398	2.18e-96	1.25e+126
399	3.06e-95	5.66e+124
400	4.13e-95	6.08e+124
401	2.08e-95	1.41e+125
402	7.60e-96	9.87e+126
403	5.45e-99	1.38e+130
404	1.47e-97	1.92e+127
405	3.98e-96	2.41e+125
406	1.07e-94	7.93e+123
407	7.63e-95	1.42e+124
408	3.21e-95	1.29e+125
409	2.80e-98	8.80e+127
410	7.56e-97	1.09e+126
411	1.56e-95	3.53e+124
412	3.29e-94	5.33e+123
413	2.87e-96	8.01e+125
414	3.98e-97	2.55e+126
415	1.08e-95	9.75e+124
416	1.63e-94	7.46e+124
417	4.49e-99	1.75e+129
418	1.21e-97	2.16e+127
419	3.28e-96	2.67e+125
420	8.32e-95	8.82e+123
421	2.97e-95	4.44e+124
422	1.51e-96	4.32e+125
423	4.06e-95	7.72e+123
424	1.10e-93	2.90e+123
425	1.09e-96	1.44e+128
426	2.94e-95	5.35e+126
427	7.22e-97	1.16e+126
428	1.95e-95	6.71e+125
429	5.26e-94	2.59e+124
430	8.69e-97	1.40e+126
431	2.35e-95	1.01e+125
432	5.59e-94	3.36e+123
433	2.30e-96	2.39e+127
434	4.69e-101	7.67e+131
435	1.27e-99	9.47e+129
436	3.42e-98	1.17e+128
437	9.22e-97	4.68e+126
438	4.75e-98	4.34e+127
439	1.28e-96	5.39e+125
440	3.37e-95	1.70e+124
441	4.57e-94	4.90e+123
442	1.94e-97	6.67e+126
443	5.24e-96	7.42e+125
444	4.10e-96	1.01e+126
445	1.11e-94	5.88e+123
446	1.33e-94	7.07e+123
447	1.10e-93	1.61e+123
448	1.00e-95	6.93e+124
449	2.71e-94	1.13e+123
450	7.31e-93	2.59e+122
451	4.99e-97	1.90e+126
452	1.29e-95	1.95e+125
453	3.21e-94	1.27e+124
454	2.78e-97	4.65e+126
455	4.15e-96	1.40e+125
456	5.63e-95	1.52e+124
457	8.96e-94	1.65e+123
458	1.98e-94	1.07e+124
459	2.36e-95	9.65e+124
460	6.36e-94	1.54e+123
461	1.43e-94	1.57e+123
462	2.96e-93	5.19e+123
463	3.94e-100	2.59e+130
464	1.06e-98	3.20e+128
465	2.87e-97	3.95e+126
466	7.76e-96	2.81e+125
467	4.27e-96	1.87e+125
468	1.15e-94	2.45e+123
469	1.82e-93	7.66e+122
470	5.96e-96	1.34e+125
471	1.33e-94	3.03e+123
472	3.00e-93	1.65e+122
473	2.67e-92	7.90e+121
474	7.63e-95	2.94e+124
475	1.68e-94	1.65e+123
476	2.48e-93	3.03e+122
477	1.20e-94	7.21e+123
478	1.70e-93	9.93e+122
479	2.32e-96	4.23e+125
480	4.22e-95	8.38e+123
481	8.11e-94	1.95e+122
482	1.62e-92	6.74e+122
483	8.54e-94	1.29e+124
484	1.22e-94	1.21e+124
485	1.26e-94	1.43e+123
486	3.02e-93	9.55e+122
487	9.52e-93	3.09e+122
488	4.65e-94	1.24e+123
489	1.25e-92	5.77e+121
490	8.72e-94	2.46e+122
491	1.65e-92	4.43e+121
492	1.40e-95	6.53e+124
493	2.80e-95	9.12e+123
494	5.72e-94	1.74e+123
495	3.55e-95	2.52e+124
496	1.64e-95	1.80e+124
497	4.42e-94	3.44e+122
498	6.53e-93	1.40e+122
499	1.31e-92	8.52e+121
500	1.11e-94	4.91e+123
501	1.59e-93	1.73e+122
502	2.94e-93	1.18e+122
503	2.16e-94	6.99e+122
504	3.75e-93	1.35e+122
505	6.99e-92	1.51e+121
506	3.37e-92	2.87e+121
507	2.77e-94	1.18e+123
508	2.24e-93	4.44e+121
509	3.06e-92	7.27e+121
510	8.60e-94	2.63e+123
511	5.43e-94	2.61e+122
512	7.66e-93	4.93e+121
513	2.24e-92	1.86e+121
514	1.26e-92	4.53e+121
515	1.78e-91	4.92e+120
516	5.43e-93	1.36e+122
517	4.05e-93	2.01e+122
518	5.29e-95	4.97e+124
519	1.09e-97	1.44e+127
520	2.94e-96	1.78e+125
521	7.93e-95	2.23e+123
522	1.35e-93	4.24e+122
523	2.47e-92	2.76e+121
524	9.06e-93	9.93e+120
525	2.45e-91	1.13e+120
526	4.32e-93	8.08e+121
527	1.68e-94	8.26e+122
528	2.61e-93	1.29e+122
529	1.19e-94	1.27e+123
530	3.22e-93	2.54e+121
531	5.90e-92	3.53e+120
532	8.05e-91	1.62e+121
533	3.35e-99	2.58e+129
534	9.06e-98	3.19e+127
535	2.44e-96	3.94e+125
536	6.60e-95	4.86e+123
537	1.78e-93	2.05e+122
538	2.45e-92	2.02e+121
539	1.05e-94	1.52e+123
540	2.82e-93	2.60e+121
541	4.67e-92	3.11e+120
542	6.30e-91	4.52e+119
543	7.79e-94	1.53e+122
544	1.27e-92	7.48e+122
545	1.67e-99	3.78e+129
546	4.50e-98	4.67e+127
547	1.22e-96	5.77e+125
548	3.28e-95	7.12e+123
549	8.86e-94	8.89e+121
550	2.39e-92	3.78e+120
551	3.65e-91	1.29e+120
552	6.76e-94	6.27e+122
553	9.28e-93	3.44e+121
554	7.20e-92	4.64e+120
555	9.75e-91	1.44e+119
556	3.83e-92	1.07e+121
557	1.29e-93	3.04e+122
558	1.81e-92	1.55e+121
559	2.27e-92	5.80e+120
560	4.12e-91	8.77e+119
561	1.50e-92	2.39e+121
562	3.01e-92	3.68e+120
563	4.52e-91	5.47e+119
564	4.97e-92	6.17e+120
565	1.98e-93	3.56e+121
566	5.36e-92	2.00e+120
567	7.87e-91	9.40e+118
568	9.53e-92	2.62e+120
569	2.00e-94	6.63e+122
570	5.40e-93	2.72e+121
571	1.46e-91	4.23e+119
572	2.01e-90	6.58e+118
573	3.43e-92	4.65e+120
574	1.63e-92	7.65e+120
575	4.41e-91	1.56e+120
576	4.86e-96	9.08e+124
577	1.31e-94	1.12e+123
578	3.55e-93	9.10e+121
579	9.57e-92	4.48e+120
580	1.29e-90	2.25e+119
581	1.32e-94	1.11e+123
582	3.58e-93	6.97e+121
583	5.34e-93	3.16e+121
584	4.35e-92	3.56e+120
585	5.93e-91	9.81e+118
586	8.49e-90	4.67e+118
587	8.99e-93	4.18e+121
588	1.46e-91	4.60e+120
589	1.98e-90	3.93e+119
590	2.51e-93	1.23e+122
591	6.79e-92	1.50e+120
592	9.96e-91	7.97e+118
593	2.73e-92	1.46e+121
594	2.03e-94	1.99e+123
595	5.48e-93	7.84e+120
596	9.07e-92	2.90e+119
597	1.24e-90	7.66e+118
598	8.49e-93	5.88e+120
599	2.29e-91	8.00e+119
600	1.40e-93	4.90e+121
601	1.95e-92	1.80e+120
602	2.64e-91	3.62e+120
603	1.73e-96	3.60e+125
604	4.67e-95	4.45e+123
605	1.26e-93	7.04e+121
606	2.01e-92	6.24e+120
607	2.83e-91	6.84e+118
608	4.62e-90	2.78e+118
609	1.12e-93	6.49e+121
610	3.02e-92	2.22e+120
611	8.14e-91	1.77e+119
612	7.34e-94	1.13e+122
613	1.98e-92	3.85e+120
614	5.35e-91	1.17e+119
615	6.70e-92	6.87e+119
616	1.81e-90	3.79e+118
617	6.60e-91	4.91e+118
618	9.37e-90	1.74e+118
619	1.84e-90	1.00e+119
620	1.22e-92	5.06e+120
621	3.31e-91	2.41e+119
622	4.55e-90	5.17e+119
623	7.00e-90	3.37e+119
624	2.11e-91	6.34e+118
625	3.43e-90	8.63e+117
626	6.09e-89	2.88e+117
627	3.89e-92	5.93e+120
628	3.93e-93	2.40e+121
629	1.06e-91	3.56e+130
630	5.68e-125	inf
631	9.09e-124	inf
632	1.60e-122	inf
633	7.98e-123	inf
634	1.32e-148	inf
635	8.23e-150	inf
636	2.22e-148	inf
637	2.23e-148	inf
638	5.04e-147	inf
639	6.11e-147	inf
640	1.34e-148	inf
641	2.61e-147	inf
642	5.44e-148	inf
643	1.47e-146	inf
644	1.98e-145	inf
645	9.12e-147	inf
646	2.15e-145	inf
647	7.37e-150	inf
648	1.99e-148	inf
649	3.80e-147	inf
650	5.13e-146	inf
651	5.53e-146	inf
652	1.20e-144	inf
653	1.05e-147	inf
654	2.83e-146	inf
655	5.99e-145	inf
656	4.36e-146	inf
657	1.13e-144	inf
658	2.75e-145	inf
659	9.91e-147	inf
660	1.87e-145	inf
661	4.89e-148	inf
662	1.32e-146	inf
663	3.56e-145	inf
664	4.31e-145	inf
665	8.90e-144	inf
666	5.15e-148	inf
667	5.10e-147	inf
668	7.24e-146	inf
669	1.19e-144	inf
670	9.93e-146	inf
671	1.68e-147	inf
672	4.55e-146	inf
673	1.23e-144	inf
674	1.73e-143	inf
675	2.30e-145	inf
676	3.12e-144	inf
677	8.44e-147	inf
678	1.06e-147	inf
679	2.87e-146	inf
680	4.52e-145	inf
681	6.67e-144	inf
682	2.38e-144	inf
683	3.30e-143	inf
684	6.30e-144	inf
685	1.70e-142	inf
686	3.85e-146	inf
687	1.04e-144	inf
688	1.42e-143	inf
689	2.16e-144	inf
690	3.50e-143	inf
691	6.99e-145	inf
692	9.41e-144	inf
693	5.37e-144	inf
694	5.05e-145	inf
695	1.36e-143	inf
696	3.98e-144	inf
697	1.07e-142	inf
698	1.64e-144	inf
699	1.45e-146	inf
700	2.13e-145	inf
701	1.49e-144	inf
702	2.01e-143	inf
703	2.71e-142	inf
704	2.12e-144	inf
705	3.69e-143	inf
706	2.18e-142	inf
707	4.93e-146	inf
708	6.04e-145	inf
709	9.23e-144	inf
710	1.48e-148	inf
711	3.99e-147	inf
712	1.08e-145	inf
713	2.91e-144	inf
714	4.03e-143	inf
715	1.87e-143	inf
716	5.83e-143	inf
717	8.05e-143	inf
718	3.46e-142	inf
719	3.67e-145	inf
720	9.92e-144	inf
721	1.34e-142	inf
722	3.04e-145	inf
723	1.63e-144	inf
724	3.25e-145	inf
725	8.78e-144	inf
726	1.21e-142	inf
727	5.83e-143	inf
728	1.19e-141	inf
729	2.99e-143	inf
730	1.50e-145	inf
731	4.05e-144	inf
732	7.99e-143	inf
733	2.00e-142	inf
734	6.21e-144	inf
735	1.27e-146	inf
736	3.43e-145	inf
737	9.27e-144	inf
738	1.82e-142	inf
739	5.89e-142	inf
740	3.31e-144	inf
741	3.90e-143	inf
742	1.27e-142	inf
743	6.38e-144	inf
744	3.08e-143	inf
745	5.62e-143	inf
746	6.73e-142	inf
747	2.08e-144	inf
748	2.95e-143	inf
749	4.07e-142	inf
750	6.59e-141	inf
751	1.35e-144	inf
752	2.70e-145	inf
753	7.30e-144	inf
754	9.90e-143	inf
755	1.34e-141	inf
756	2.44e-142	inf
757	6.60e-141	inf
758	6.46e-145	inf
759	7.92e-144	inf
760	1.13e-142	inf
761	1.55e-141	inf
762	2.10e-140	inf
763	3.76e-143	inf
764	5.62e-142	inf
765	1.07e-141	inf
766	8.94e-141	inf
767	2.67e-145	inf
768	8.06e-144	inf
769	2.18e-142	inf
770	1.32e-141	inf
771	4.53e-141	inf
772	6.12e-140	inf
773	3.21e-144	inf
774	4.50e-143	inf
775	7.35e-142	inf
776	1.03e-140	inf
777	4.01e-141	inf
778	5.43e-142	inf
779	8.07e-141	inf
780	2.13e-142	inf
781	3.12e-143	inf
782	8.22e-142	inf
783	1.13e-140	inf
784	1.53e-142	inf
785	4.14e-141	inf
786	5.99e-141	inf
787	4.94e-142	inf
788	3.83e-144	inf
789	1.03e-142	inf
790	2.79e-141	inf
791	3.83e-140	inf
792	3.09e-142	inf
793	7.61e-143	inf
794	2.05e-141	inf
795	3.67e-143	inf
796	9.90e-142	inf
797	2.99e-143	inf
798	8.06e-142	inf
799	2.18e-140	inf
800	2.61e-144	inf
801	7.05e-143	inf
802	9.53e-142	inf
803	1.53e-140	inf
804	3.08e-142	inf
805	8.31e-141	inf
806	7.89e-142	inf
807	1.07e-140	inf
808	1.04e-144	inf
809	2.80e-143	inf
810	7.57e-142	inf
811	1.76e-140	inf
812	2.09e-142	inf
813	2.24e-141	inf
814	3.25e-140	inf
815	1.91e-141	inf
816	4.75e-140	inf
817	6.43e-139	inf
818	5.57e-144	inf
819	1.51e-142	inf
820	3.59e-141	inf
821	4.93e-140	inf
822	5.45e-143	inf
823	1.47e-141	inf
824	1.99e-140	inf
825	3.07e-139	inf
826	1.80e-145	inf
827	4.85e-144	inf
828	1.31e-142	inf
829	1.77e-141	inf
830	2.83e-140	inf
831	1.30e-143	inf
832	3.51e-142	inf
833	4.96e-141	inf
834	8.13e-140	inf
835	1.19e-139	inf
836	1.18e-142	inf
837	3.20e-141	inf
838	4.76e-140	inf
839	3.51e-140	inf
840	2.65e-140	inf
841	4.44e-139	inf
842	2.47e-141	inf
843	5.64e-140	inf
844	7.58e-143	inf
845	2.05e-141	inf
846	2.94e-140	inf
847	2.02e-139	inf
848	1.25e-144	inf
849	3.38e-143	inf
850	9.12e-142	inf
851	2.07e-140	inf
852	2.42e-141	inf
853	6.53e-140	inf
854	8.66e-142	inf
855	5.18e-142	inf
856	1.40e-140	inf
857	6.47e-141	inf
858	1.00e-139	inf
859	1.36e-138	inf
860	3.23e-141	inf
861	2.26e-145	inf
862	6.11e-144	inf
863	1.65e-142	inf
864	4.45e-141	inf
865	8.02e-140	inf
866	3.30e-140	inf
867	8.61e-139	inf
868	3.48e-138	inf
869	6.84e-140	inf
870	8.60e-140	inf
871	1.31e-139	inf
872	1.01e-140	inf
873	2.72e-139	inf
874	1.21e-144	inf
875	3.27e-143	inf
876	8.84e-142	inf
877	2.39e-140	inf
878	1.35e-141	inf
879	3.65e-140	inf
880	8.36e-139	inf
881	3.57e-138	inf
882	6.98e-140	inf
883	9.56e-139	inf
884	1.21e-139	inf
885	1.35e-140	inf
886	3.64e-139	inf
887	1.28e-141	inf
888	3.45e-140	inf
889	2.61e-140	inf
890	7.05e-139	inf
891	9.73e-139	inf
892	1.28e-139	inf
893	3.08e-138	inf
894	3.73e-144	inf
895	1.01e-142	inf
896	1.97e-141	inf
897	1.36e-141	inf
898	3.68e-140	inf
899	5.52e-139	inf
900	1.98e-139	inf
901	5.35e-138	inf
902	9.14e-143	inf
903	2.47e-141	inf
904	3.77e-140	inf
905	5.52e-139	inf
906	8.04e-138	inf
907	1.49e-139	inf
908	4.03e-138	inf
909	4.16e-138	inf
910	1.40e-138	inf
911	2.05e-137	inf
912	3.80e-142	inf
913	1.02e-140	inf
914	1.38e-139	inf
915	1.13e-141	inf
916	3.06e-140	inf
917	8.25e-139	inf
918	1.13e-137	inf
919	1.41e-138	inf
920	1.51e-139	inf
921	8.49e-139	inf
922	1.15e-137	inf
923	3.88e-143	inf
924	1.05e-141	inf
925	2.83e-140	inf
926	6.96e-140	inf
927	1.21e-138	inf
928	2.25e-137	inf
929	3.30e-140	inf
930	2.57e-143	inf
931	6.93e-142	inf
932	9.90e-141	inf
933	6.29e-142	inf
934	1.70e-140	inf
935	2.70e-139	inf
936	1.74e-140	inf
937	3.52e-139	inf
938	6.29e-138	inf
939	5.25e-139	inf
940	7.16e-143	inf
941	1.93e-141	inf
942	5.22e-140	inf
943	1.41e-138	inf
944	2.47e-137	inf
945	2.20e-138	inf
946	3.87e-137	inf
947	4.83e-138	inf
948	3.01e-142	inf
949	8.11e-141	inf
950	2.19e-139	inf
951	9.33e-145	inf
952	2.52e-143	inf
953	6.80e-142	inf
954	1.84e-140	inf
955	4.96e-139	inf
956	8.35e-138	inf
957	5.61e-139	inf
958	6.10e-140	inf
959	1.65e-138	inf
960	3.43e-139	inf
961	9.26e-138	inf
962	1.27e-136	inf
963	1.25e-143	inf
964	3.38e-142	inf
965	9.13e-141	inf
966	1.31e-139	inf
967	1.92e-138	inf
968	2.65e-137	inf
969	3.41e-140	inf
970	9.21e-139	inf
971	3.53e-138	inf
972	3.40e-137	inf
973	4.25e-139	inf
974	5.82e-138	inf
975	7.89e-137	inf
976	5.08e-140	inf
977	1.10e-138	inf
978	2.92e-138	inf
979	4.65e-137	inf
980	8.23e-137	inf
981	8.27e-139	inf
982	6.18e-140	inf
983	1.67e-138	inf
984	3.00e-137	inf
985	4.99e-137	inf
986	1.28e-141	inf
987	3.47e-140	inf
988	9.24e-139	inf
989	1.29e-137	inf
990	6.29e-140	inf
991	1.70e-138	inf
992	4.58e-137	inf
993	3.73e-137	inf
994	1.04e-138	inf
995	2.82e-137	inf
996	1.37e-138	inf
997	2.37e-137	inf
998	3.46e-138	inf
999	3.10e-139	inf
1000	8.36e-138	inf
1001	1.37e-136	inf
1002	2.76e-141	inf
1003	7.45e-140	inf
1004	2.01e-138	inf
1005	5.43e-137	inf
1006	4.99e-139	inf
1007	1.35e-137	inf
1008	1.50e-137	inf
1009	3.30e-137	inf
1010	1.71e-137	inf
1011	5.57e-137	inf
1012	8.83e-136	inf
1013	3.32e-139	inf
1014	1.71e-138	inf
1015	3.76e-139	inf
1016	1.02e-137	inf
1017	1.37e-136	inf
1018	5.38e-139	inf
1019	1.82e-138	inf
1020	2.84e-137	inf
1021	1.84e-140	inf
1022	4.96e-139	inf
1023	1.34e-137	inf
1024	2.32e-136	inf
1025	5.99e-139	inf
1026	1.13e-143	inf
1027	3.05e-142	inf
1028	8.24e-141	inf
1029	2.23e-139	inf
1030	6.01e-138	inf
1031	8.39e-137	inf
1032	6.77e-139	inf
1033	7.86e-139	inf
1034	2.12e-137	inf
1035	5.22e-136	inf
1036	3.97e-137	inf
1037	2.09e-141	inf
1038	5.65e-140	inf
1039	1.51e-138	inf
1040	4.03e-137	inf
1041	2.06e-138	inf
1042	1.26e-137	inf
1043	1.71e-136	inf
1044	2.47e-139	inf
1045	4.62e-138	inf
1046	6.25e-137	inf
1047	1.00e-135	inf
1048	1.06e-140	inf
1049	1.44e-139	inf
1050	2.30e-138	inf
1051	4.05e-137	inf
1052	3.74e-137	inf
1053	1.55e-139	inf
1054	4.19e-138	inf
1055	1.13e-136	inf
1056	5.68e-138	inf
1057	7.79e-137	inf
1058	1.22e-140	inf
1059	3.31e-139	inf
1060	8.93e-138	inf
1061	1.04e-141	inf
1062	2.81e-140	inf
1063	7.60e-139	inf
1064	8.70e-141	inf
1065	2.35e-139	inf
1066	6.34e-138	inf
1067	8.62e-137	inf
1068	2.93e-136	inf
1069	3.95e-135	inf
1070	1.25e-136	inf
1071	8.72e-141	inf
1072	2.36e-139	inf
1073	6.36e-138	inf
1074	1.72e-136	inf
1075	2.50e-135	inf
1076	1.50e-137	inf
1077	5.81e-138	inf
1078	1.57e-136	inf
1079	1.92e-137	inf
1080	2.67e-136	inf
1081	3.61e-135	inf
1082	1.28e-136	inf
1083	1.25e-139	inf
1084	3.36e-138	inf
1085	7.98e-137	inf
1086	1.91e-135	inf
1087	1.33e-136	inf
1088	5.53e-136	inf
1089	8.04e-135	inf
1090	2.92e-136	inf
1091	6.74e-135	inf
1092	1.62e-137	inf
1093	4.37e-136	inf
1094	5.43e-138	inf
1095	1.60e-138	inf
1096	4.33e-137	inf
1097	5.86e-136	inf
1098	9.06e-135	inf
1099	4.54e-139	inf
1100	6.83e-138	inf
1101	1.16e-136	inf
1102	2.12e-135	inf
1103	4.91e-137	inf
1104	1.33e-135	inf
1105	6.72e-141	inf
1106	1.81e-139	inf
1107	4.90e-138	inf
1108	1.17e-136	inf
1109	2.80e-135	inf
1110	3.45e-135	inf
1111	6.58e-134	inf
1112	2.38e-139	inf
1113	6.42e-138	inf
1114	1.73e-136	inf
1115	1.16e-197	inf
1116	1.03e-198	inf
1117	1.66e-197	inf
1118	1.17e-196	inf
1119	1.58e-195	inf
1120	1.17e-198	inf
1121	2.36e-197	inf
1122	3.20e-196	inf
1123	4.90e-195	inf
1124	1.35e-199	inf
1125	3.64e-198	inf
1126	8.37e-197	inf
1127	1.19e-195	inf
1128	5.72e-196	inf
1129	2.40e-196	inf
1130	6.48e-195	inf
1131	8.74e-194	inf
1132	4.44e-198	inf
1133	7.33e-197	inf
1134	7.09e-202	inf
1135	1.91e-200	inf
1136	5.17e-199	inf
1137	1.40e-197	inf
1138	3.77e-196	inf
1139	3.38e-200	inf
1140	9.13e-199	inf
1141	2.46e-197	inf
1142	6.65e-196	inf
1143	6.81e-196	inf
1144	1.50e-194	inf
1145	2.31e-195	inf
1146	6.24e-194	inf
1147	1.26e-196	inf
1148	3.39e-195	inf
1149	4.68e-194	inf
1150	6.54e-198	inf
1151	1.77e-196	inf
1152	3.54e-195	inf
1153	4.83e-199	inf
1154	1.30e-197	inf
1155	3.52e-196	inf
1156	5.16e-195	inf
1157	8.64e-194	inf
1158	3.23e-195	inf
1159	2.41e-199	inf
1160	6.51e-198	inf
1161	1.76e-196	inf
1162	4.75e-195	inf
1163	8.34e-194	inf
1164	2.54e-196	inf
1165	6.87e-195	inf
1166	9.31e-194	inf
1167	6.26e-197	inf
1168	1.69e-195	inf
1169	4.56e-194	inf
1170	2.69e-199	inf
1171	7.26e-198	inf
1172	1.96e-196	inf
1173	5.29e-195	inf
1174	1.10e-193	inf
1175	8.25e-196	inf
1176	8.94e-196	inf
1177	2.41e-194	inf
1178	3.35e-193	inf
1179	5.46e-197	inf
1180	1.04e-195	inf
1181	1.44e-194	inf
1182	1.97e-193	inf
1183	3.84e-195	inf
1184	8.30e-194	inf
1185	1.95e-194	inf
1186	5.28e-193	inf
1187	2.06e-196	inf
1188	5.55e-195	inf
1189	1.68e-195	inf
1190	4.54e-194	inf
1191	1.01e-194	inf
1192	1.19e-197	inf
1193	3.23e-196	inf
1194	8.71e-195	inf
1195	2.35e-193	inf
1196	2.23e-193	inf
1197	3.49e-194	inf
1198	6.39e-196	inf
1199	1.73e-194	inf
1200	4.66e-193	inf
1201	9.84e-193	inf
1202	2.18e-195	inf
1203	1.44e-194	inf
1204	1.95e-193	inf
1205	4.95e-196	inf
1206	1.34e-194	inf
1207	2.90e-193	inf
1208	5.27e-192	inf
1209	9.84e-196	inf
1210	2.66e-194	inf
1211	4.11e-193	inf
1212	3.49e-198	inf
1213	9.44e-197	inf
1214	2.55e-195	inf
1215	4.12e-194	inf
1216	5.67e-193	inf
1217	3.12e-193	inf
1218	2.00e-192	inf
1219	2.71e-194	inf
1220	4.93e-193	inf
1221	9.82e-198	inf
1222	2.65e-196	inf
1223	7.16e-195	inf
1224	1.68e-193	inf
1225	2.28e-192	inf
1226	3.09e-191	inf
1227	2.13e-192	inf
1228	2.89e-195	inf
1229	7.79e-194	inf
1230	3.83e-193	inf
1231	1.89e-195	inf
1232	5.11e-194	inf
1233	1.38e-192	inf
1234	1.86e-191	inf
1235	3.17e-196	inf
1236	8.55e-195	inf
1237	6.92e-196	inf
1238	1.87e-194	inf
1239	3.66e-193	inf
1240	1.74e-192	inf
1241	3.72e-192	inf
1242	5.39e-195	inf
1243	2.12e-194	inf
1244	1.79e-193	inf
1245	2.46e-192	inf
1246	2.17e-192	inf
1247	8.93e-195	inf
1248	1.36e-196	inf
1249	3.66e-195	inf
1250	9.89e-194	inf
1251	1.41e-192	inf
1252	2.33e-191	inf
1253	1.13e-191	inf
1254	3.98e-193	inf
1255	5.42e-192	inf
1256	7.37e-197	inf
1257	1.99e-195	inf
1258	5.37e-194	inf
1259	1.45e-192	inf
1260	3.20e-194	inf
1261	8.64e-193	inf
1262	1.60e-191	inf
1263	1.91e-193	inf
1264	3.68e-192	inf
1265	7.38e-191	inf
1266	1.33e-191	inf
1267	1.01e-191	inf
1268	4.34e-193	inf
1269	1.17e-191	inf
1270	1.70e-190	inf
1271	1.07e-194	inf
1272	2.89e-193	inf
1273	6.25e-193	inf
1274	1.01e-191	inf
1275	1.37e-190	inf
1276	2.59e-194	inf
1277	7.00e-193	inf
1278	6.18e-192	inf
1279	7.45e-194	inf
1280	2.86e-196	inf
1281	7.72e-195	inf
1282	2.08e-193	inf
1283	3.58e-192	inf
1284	6.60e-191	inf
1285	1.71e-191	inf
1286	3.80e-191	inf
1287	4.61e-192	inf
1288	6.55e-191	inf
1289	4.22e-190	inf
1290	1.06e-189	inf
1291	6.10e-193	inf
1292	4.71e-194	inf
1293	1.27e-192	inf
1294	2.43e-191	inf
1295	6.85e-194	inf
1296	1.85e-192	inf
1297	3.56e-191	inf
1298	1.81e-190	inf
1299	8.99e-193	inf
1300	2.43e-191	inf
1301	6.55e-190	inf
1302	6.49e-193	inf
1303	1.75e-191	inf
1304	3.06e-192	inf
1305	8.27e-191	inf
1306	1.17e-189	inf
1307	1.26e-190	inf
1308	2.68e-192	inf
1309	7.23e-191	inf
1310	4.76e-195	inf
1311	1.28e-193	inf
1312	3.47e-192	inf
1313	9.37e-191	inf
1314	9.75e-192	inf
1315	3.51e-191	inf
1316	4.78e-190	inf
1317	3.19e-193	inf
1318	8.61e-192	inf
1319	1.18e-190	inf
1320	6.87e-191	inf
1321	1.64e-189	inf
1322	3.17e-190	inf
1323	4.65e-189	inf
1324	1.85e-191	inf
1325	3.59e-190	inf
1326	1.68e-191	inf
1327	2.61e-190	inf
1328	4.50e-189	inf
1329	9.11e-191	inf
1330	4.17e-192	inf
1331	1.71e-191	inf
1332	2.34e-190	inf
1333	3.31e-189	inf
1334	2.21e-191	inf
1335	5.96e-190	inf
1336	8.06e-189	inf
1337	4.57e-195	inf
1338	1.23e-193	inf
1339	1.02e-195	inf
1340	2.75e-194	inf
1341	7.44e-193	inf
1342	1.01e-191	inf
1343	1.58e-190	inf
1344	2.13e-189	inf
1345	5.89e-191	inf
1346	1.59e-189	inf
1347	3.54e-194	inf
1348	9.56e-193	inf
1349	2.58e-191	inf
1350	4.50e-190	inf
1351	9.33e-190	inf
1352	1.20e-189	inf
1353	3.01e-191	inf
1354	8.13e-190	inf
1355	7.09e-191	inf
1356	2.95e-190	inf
1357	4.28e-189	inf
1358	8.48e-191	inf
1359	2.29e-189	inf
1360	6.18e-188	inf
1361	1.69e-190	inf
1362	1.58e-192	inf
1363	4.28e-191	inf
1364	1.15e-189	inf
1365	2.13e-189	inf
1366	1.68e-190	inf
1367	3.90e-189	inf
1368	1.22e-191	inf
1369	3.77e-192	inf
1370	1.02e-190	inf
1371	1.39e-189	inf
1372	5.98e-196	inf
1373	1.61e-194	inf
1374	4.36e-193	inf
1375	1.18e-191	inf
1376	3.18e-190	inf
1377	8.58e-189	inf
1378	3.58e-191	inf
1379	7.48e-190	inf
1380	1.01e-188	inf
1381	7.54e-192	inf
1382	1.39e-190	inf
1383	2.14e-189	inf
1384	3.18e-188	inf
1385	5.32e-191	inf
1386	2.19e-190	inf
1387	2.97e-189	inf
1388	4.60e-190	inf
1389	8.60e-189	inf
1390	7.01e-192	inf
1391	1.89e-190	inf
1392	2.74e-189	inf
1393	4.55e-188	inf
1394	3.35e-189	inf
1395	5.86e-190	inf
1396	1.48e-188	inf
1397	7.54e-189	inf
1398	7.47e-189	inf
1399	8.39e-190	inf
1400	2.27e-188	inf
1401	9.41e-190	inf
1402	1.26e-190	inf
1403	3.40e-189	inf
1404	4.60e-188	inf
1405	1.79e-190	inf
1406	4.83e-189	inf
1407	2.68e-191	inf
1408	5.97e-190	inf
1409	9.78e-189	inf
1410	1.38e-194	inf
1411	3.73e-193	inf
1412	1.01e-191	inf
1413	2.72e-190	inf
1414	7.35e-189	inf
1415	7.94e-188	inf
1416	1.30e-188	inf
1417	1.06e-191	inf
1418	2.87e-190	inf
1419	7.74e-189	inf
1420	2.09e-187	inf
1421	2.10e-189	inf
1422	3.28e-188	inf
1423	3.89e-187	inf
1424	9.09e-192	inf
1425	2.45e-190	inf
1426	4.46e-189	inf
1427	6.35e-188	inf
1428	4.10e-192	inf
1429	1.11e-190	inf
1430	2.99e-189	inf
1431	6.93e-188	inf
1432	1.11e-188	inf
1433	3.01e-187	inf
1434	1.29e-192	inf
1435	3.02e-191	inf
1436	7.09e-190	inf
1437	8.33e-190	inf
1438	2.23e-188	inf
1439	3.02e-187	inf
1440	7.75e-188	inf
1441	1.92e-193	inf
1442	5.19e-192	inf
1443	1.40e-190	inf
1444	1.89e-189	inf
1445	3.03e-188	inf
1446	2.79e-189	inf
1447	7.53e-188	inf
1448	1.32e-187	inf
1449	1.79e-186	inf
1450	2.77e-190	inf
1451	7.49e-189	inf
1452	1.88e-189	inf
1453	5.08e-188	inf
1454	2.42e-188	inf
1455	6.54e-187	inf
1456	1.48e-187	inf
1457	2.39e-190	inf
1458	1.14e-189	inf
1459	1.54e-188	inf
1460	2.47e-187	inf
1461	1.07e-188	inf
1462	2.03e-187	inf
1463	4.23e-187	inf
1464	1.97e-190	inf
1465	5.32e-189	inf
1466	7.19e-188	inf
1467	1.15e-186	inf
1468	2.87e-188	inf
1469	3.92e-187	inf
1470	1.02e-187	inf
1471	1.41e-186	inf
1472	2.55e-191	inf
1473	6.90e-190	inf
1474	1.86e-188	inf
1475	1.51e-192	inf
1476	4.07e-191	inf
1477	1.10e-189	inf
1478	2.96e-188	inf
1479	3.23e-191	inf
1480	8.71e-190	inf
1481	2.35e-188	inf
1482	3.56e-187	inf
1483	8.57e-187	inf
1484	1.57e-188	inf
1485	4.23e-187	inf
1486	7.96e-188	inf
1487	2.15e-186	inf
1488	1.16e-189	inf
1489	3.15e-188	inf
1490	3.04e-188	inf
1491	6.63e-187	inf
1492	1.44e-186	inf
1493	1.14e-188	inf
1494	3.07e-187	inf
1495	6.07e-189	inf
1496	1.64e-187	inf
1497	2.85e-187	inf
1498	6.27e-186	inf
1499	7.01e-189	inf
1500	1.03e-187	inf
1501	1.41e-186	inf
1502	2.63e-188	inf
1503	6.09e-189	inf
1504	1.64e-187	inf
1505	9.85e-190	inf
1506	2.66e-188	inf
1507	1.91e-189	inf
1508	6.35e-190	inf
1509	1.71e-188	inf
1510	2.35e-187	inf
1511	3.19e-186	inf
1512	6.97e-188	inf
1513	1.88e-186	inf
1514	1.25e-187	inf
1515	9.31e-192	inf
1516	2.51e-190	inf
1517	6.78e-189	inf
1518	1.83e-187	inf
1519	3.57e-189	inf
1520	9.65e-188	inf
1521	2.60e-186	inf
1522	1.21e-188	inf
1523	3.28e-187	inf
1524	4.58e-186	inf
1525	1.63e-193	inf
1526	4.39e-192	inf
1527	1.19e-190	inf
1528	3.20e-189	inf
1529	6.47e-188	inf
1530	3.88e-189	inf
1531	1.05e-187	inf
1532	1.81e-186	inf
1533	1.32e-190	inf
1534	3.20e-189	inf
1535	4.67e-190	inf
1536	1.26e-188	inf
1537	1.77e-187	inf
1538	2.88e-186	inf
1539	2.67e-188	inf
1540	7.20e-187	inf
1541	8.12e-187	inf
1542	1.44e-185	inf
1543	5.95e-185	inf
1544	9.90e-190	inf
1545	2.67e-188	inf
1546	4.78e-187	inf
1547	3.07e-186	inf
1548	9.17e-188	inf
1549	2.48e-186	inf
1550	5.87e-185	inf
1551	2.53e-187	inf
1552	3.55e-186	inf
1553	1.08e-185	inf
1554	1.03e-186	inf
1555	1.35e-185	inf
1556	5.79e-186	inf
1557	1.57e-189	inf
1558	4.24e-188	inf
1559	3.12e-188	inf
1560	8.41e-187	inf
1561	1.54e-185	inf
1562	7.59e-186	inf
1563	6.30e-191	inf
1564	1.70e-189	inf
1565	4.96e-193	inf
1566	1.34e-191	inf
1567	3.62e-190	inf
1568	9.76e-189	inf
1569	1.34e-187	inf
1570	2.16e-186	inf
1571	3.81e-185	inf
1572	1.41e-184	inf
1573	6.26e-187	inf
1574	1.01e-185	inf
1575	4.49e-186	inf
1576	7.31e-185	inf
1577	7.17e-186	inf
1578	9.69e-185	inf
1579	9.88e-185	inf
1580	2.15e-188	inf
1581	5.81e-187	inf
1582	1.28e-185	inf
1583	2.87e-184	inf
1584	1.41e-188	inf
1585	3.05e-187	inf
1586	4.62e-189	inf
1587	1.01e-187	inf
1588	2.26e-186	inf
1589	3.05e-185	inf
1590	4.12e-184	inf
1591	7.37e-191	inf
1592	1.99e-189	inf
1593	5.37e-188	inf
1594	8.84e-187	inf
1595	1.26e-185	inf
1596	1.70e-184	inf
1597	5.45e-190	inf
1598	1.47e-188	inf
1599	3.97e-187	inf
1600	7.61e-186	inf
1601	1.07e-184	inf
1602	3.91e-186	inf
1603	1.06e-184	inf
1604	1.52e-183	inf
1605	9.45e-188	inf
1606	2.27e-186	inf
1607	5.47e-185	inf
1608	4.12e-184	inf
1609	4.02e-184	inf
1610	5.10e-185	inf
1611	6.97e-184	inf
1612	8.26e-185	inf
1613	1.12e-183	inf
1614	1.11e-189	inf
1615	3.00e-188	inf
1616	8.11e-187	inf
1617	2.19e-185	inf
1618	2.46e-184	inf
1619	2.83e-184	inf
1620	2.42e-183	inf
1621	2.06e-186	inf
1622	4.38e-185	inf
1623	6.34e-184	inf
1624	1.46e-184	inf
1625	8.91e-186	inf
1626	4.91e-189	inf
1627	1.32e-187	inf
1628	3.58e-186	inf
1629	9.66e-185	inf
1630	1.37e-183	inf
1631	1.37e-182	inf
1632	1.12e-185	inf
1633	9.05e-187	inf
1634	2.44e-185	inf
1635	3.52e-184	inf
1636	3.68e-186	inf
1637	5.00e-185	inf
1638	8.02e-184	inf
1639	1.96e-187	inf
1640	5.30e-186	inf
1641	1.43e-184	inf
1642	3.73e-186	inf
1643	1.01e-184	inf
1644	1.08e-184	inf
1645	1.58e-183	inf
1646	2.23e-183	inf
1647	1.18e-186	inf
1648	3.20e-185	inf
1649	6.30e-184	inf
1650	1.00e-185	inf
1651	1.36e-184	inf
1652	2.18e-183	inf
1653	1.21e-186	inf
1654	3.27e-185	inf
1655	4.44e-184	inf
1656	7.12e-183	inf
1657	1.01e-190	inf
1658	2.73e-189	inf
1659	7.38e-188	inf
1660	1.01e-186	inf
1661	1.63e-185	inf
1662	1.89e-186	inf
1663	5.10e-185	inf
1664	6.94e-184	inf
1665	2.01e-183	inf
1666	2.32e-185	inf
1667	6.27e-184	inf
1668	2.24e-183	inf
1669	2.58e-182	inf
1670	5.39e-186	inf
1671	1.10e-184	inf
1672	1.49e-183	inf
1673	8.00e-186	inf
1674	2.16e-184	inf
1675	5.83e-183	inf
1676	1.21e-183	inf
1677	4.31e-183	inf
1678	5.82e-182	inf
1679	1.49e-184	inf
1680	2.26e-183	inf
1681	9.07e-185	inf
1682	1.94e-183	inf
1683	2.93e-184	inf
1684	7.92e-183	inf
1685	1.11e-181	inf
1686	3.73e-186	inf
1687	1.01e-184	inf
1688	1.63e-183	inf
1689	1.09e-186	inf
1690	1.53e-185	inf
1691	2.51e-184	inf
1692	9.15e-185	inf
1693	2.47e-183	inf
1694	3.44e-182	inf
1695	4.84e-181	inf
1696	1.49e-183	inf
1697	2.95e-182	inf
1698	1.14e-182	inf
1699	3.78e-185	inf
1700	1.02e-183	inf
1701	4.34e-184	inf
1702	1.17e-182	inf
1703	1.69e-181	inf
1704	8.56e-186	inf
1705	2.31e-184	inf
1706	1.88e-184	inf
1707	5.09e-183	inf
1708	7.24e-182	inf
1709	2.07e-181	inf
1710	2.58e-182	inf
1711	1.89e-182	inf
1712	1.03e-181	inf
1713	4.10e-183	inf
1714	1.11e-181	inf
1715	7.84e-182	inf
1716	3.19e-181	inf
1717	2.44e-182	inf
1718	6.50e-181	inf
1719	8.22e-182	inf
1720	1.28e-181	inf
1721	1.32e-181	inf
1722	1.49e-182	inf
1723	4.04e-181	inf
1724	2.14e-208	inf
1725	5.25e-209	inf
1726	2.60e-209	inf
1727	7.02e-208	inf
1728	1.74e-209	inf
1729	2.37e-208	inf
1730	3.82e-207	inf
1731	1.95e-213	inf
1732	5.27e-212	inf
1733	1.42e-210	inf
1734	3.00e-209	inf
1735	6.44e-208	inf
1736	1.41e-206	inf
1737	1.38e-205	inf
1738	6.31e-207	inf
1739	9.03e-206	inf
1740	1.37e-204	inf
1741	3.92e-207	inf
1742	1.35e-206	inf
1743	1.98e-207	inf
1744	5.34e-206	inf
1745	7.22e-205	inf
1746	1.05e-203	inf
1747	2.70e-205	inf
1748	3.61e-204	inf
1749	6.93e-204	inf
1750	1.75e-205	inf
1751	4.73e-204	inf
1752	3.27e-203	inf
1753	4.25e-204	inf
1754	5.48e-208	inf
1755	4.39e-207	inf
1756	5.99e-206	inf
1757	9.63e-205	inf
1758	1.43e-203	inf
1759	4.24e-203	inf
1760	2.93e-205	inf
1761	1.68e-204	inf
1762	6.67e-204	inf
1763	9.08e-203	inf
1764	3.77e-206	inf
1765	5.60e-205	inf
1766	8.37e-204	inf
1767	3.37e-204	inf
1768	2.71e-203	inf
1769	1.55e-204	inf
1770	2.10e-203	inf
1771	5.76e-204	inf
1772	1.40e-202	inf
1773	6.84e-203	inf
1774	1.85e-201	inf
1775	1.46e-204	inf
1776	6.71e-206	inf
1777	1.81e-204	inf
1778	3.34e-203	inf
1779	2.29e-203	inf
1780	2.30e-202	inf
1781	6.99e-204	inf
1782	1.17e-202	inf
1783	1.60e-201	inf
1784	3.08e-206	inf
1785	4.48e-205	inf
1786	7.45e-204	inf
1787	6.37e-206	inf
1788	1.72e-204	inf
1789	4.64e-203	inf
1790	5.88e-203	inf
1791	5.55e-204	inf
1792	1.50e-202	inf
1793	1.53e-204	inf
1794	4.13e-203	inf
1795	7.16e-202	inf
1796	8.17e-206	inf
1797	2.21e-204	inf
1798	4.46e-204	inf
1799	9.05e-203	inf
1800	7.09e-206	inf
1801	1.92e-204	inf
1802	5.17e-203	inf
1803	1.40e-201	inf
1804	2.44e-203	inf
1805	6.29e-206	inf
1806	1.70e-204	inf
1807	4.59e-203	inf
1808	7.54e-202	inf
1809	1.30e-202	inf
1810	1.56e-201	inf
1811	4.21e-203	inf
1812	8.62e-202	inf
1813	5.36e-204	inf
1814	1.45e-202	inf
1815	3.91e-201	inf
1816	2.08e-201	inf
1817	4.11e-203	inf
1818	1.11e-201	inf
1819	1.50e-200	inf
1820	6.09e-203	inf
1821	8.26e-202	inf
1822	1.12e-200	inf
1823	3.06e-204	inf
1824	8.26e-203	inf
1825	1.23e-202	inf
1826	2.67e-201	inf
1827	2.92e-203	inf
1828	7.87e-202	inf
1829	1.96e-201	inf
1830	1.52e-205	inf
1831	4.12e-204	inf
1832	1.11e-202	inf
1833	2.00e-201	inf
1834	2.79e-200	inf
1835	4.66e-204	inf
1836	1.26e-202	inf
1837	1.75e-201	inf
1838	2.37e-200	inf
1839	2.94e-200	inf
1840	1.11e-205	inf
1841	3.01e-204	inf
1842	8.12e-203	inf
1843	2.19e-201	inf
1844	8.38e-201	inf
1845	6.71e-202	inf
1846	1.81e-200	inf
1847	1.21e-199	inf
1848	2.87e-200	inf
1849	9.40e-208	inf
1850	2.54e-206	inf
1851	6.85e-205	inf
1852	1.85e-203	inf
1853	4.32e-202	inf
1854	1.62e-201	inf
1855	1.27e-205	inf
1856	3.43e-204	inf
1857	9.26e-203	inf
1858	1.58e-201	inf
1859	2.91e-200	inf
1860	1.01e-201	inf
1861	1.29e-203	inf
1862	3.61e-202	inf
1863	8.22e-201	inf
1864	1.11e-199	inf
1865	1.09e-200	inf
1866	2.13e-200	inf
1867	1.55e-202	inf
1868	3.78e-203	inf
1869	1.02e-201	inf
1870	1.38e-200	inf
1871	2.21e-199	inf
1872	1.61e-203	inf
1873	4.35e-202	inf
1874	2.39e-201	inf
1875	5.15e-201	inf
1876	7.43e-200	inf
1877	2.71e-200	inf
1878	1.95e-199	inf
1879	1.23e-199	inf
1880	1.73e-201	inf
1881	2.80e-201	inf
1882	4.46e-200	inf
1883	5.62e-203	inf
1884	1.52e-201	inf
1885	2.36e-200	inf
1886	3.38e-199	inf
1887	3.71e-202	inf
1888	5.54e-201	inf
1889	9.36e-200	inf
1890	3.55e-201	inf
1891	5.17e-200	inf
1892	9.51e-200	inf
1893	5.48e-202	inf
1894	1.48e-200	inf
1895	4.00e-199	inf
1896	1.21e-200	inf
1897	1.85e-199	inf
1898	9.46e-200	inf
1899	4.97e-202	inf
1900	1.34e-200	inf
1901	3.62e-199	inf
1902	2.86e-204	inf
1903	7.72e-203	inf
1904	1.07e-201	inf
1905	1.38e-203	inf
1906	3.72e-202	inf
1907	1.00e-200	inf
1908	1.38e-199	inf
1909	6.09e-207	inf
1910	1.64e-205	inf
1911	4.44e-204	inf
1912	1.20e-202	inf
1913	3.23e-201	inf
1914	8.73e-200	inf
1915	1.36e-202	inf
1916	3.68e-201	inf
1917	9.94e-200	inf
1918	8.54e-202	inf
1919	2.31e-200	inf
1920	6.22e-199	inf
1921	2.26e-199	inf
1922	4.75e-201	inf
1923	1.28e-199	inf
1924	7.01e-200	inf
1925	1.89e-198	inf
1926	2.51e-201	inf
1927	3.64e-200	inf
1928	5.67e-199	inf
1929	3.38e-200	inf
1930	9.13e-199	inf
1931	6.73e-199	inf
1932	4.45e-200	inf
1933	6.39e-200	inf
1934	1.45e-199	inf
1935	2.36e-198	inf
1936	5.35e-199	inf
1937	1.25e-197	inf
1938	2.16e-200	inf
1939	5.42e-199	inf
1940	2.54e-201	inf
1941	6.85e-200	inf
1942	1.85e-198	inf
1943	7.97e-200	inf
1944	9.83e-200	inf
1945	1.74e-199	inf
1946	3.12e-198	inf
1947	9.84e-199	inf
1948	1.62e-199	inf
1949	4.38e-198	inf
1950	5.72e-199	inf
1951	6.59e-198	inf
1952	7.71e-199	inf
1953	1.06e-197	inf
1954	2.20e-201	inf
1955	5.94e-200	inf
1956	1.60e-198	inf
1957	1.28e-201	inf
1958	3.46e-200	inf
1959	1.10e-201	inf
1960	2.97e-200	inf
1961	8.01e-199	inf
1962	1.10e-197	inf
1963	1.09e-204	inf
1964	2.95e-203	inf
1965	7.98e-202	inf
1966	2.15e-200	inf
1967	5.29e-199	inf
1968	3.57e-199	inf
1969	7.64e-198	inf
1970	1.03e-196	inf
1971	9.17e-200	inf
1972	2.70e-202	inf
1973	7.29e-201	inf
1974	1.15e-199	inf
1975	2.21e-200	inf
1976	5.97e-199	inf
1977	2.22e-202	inf
1978	5.99e-201	inf
1979	1.62e-199	inf
1980	1.35e-198	inf
1981	1.86e-197	inf
1982	5.88e-201	inf
1983	1.59e-199	inf
1984	4.28e-198	inf
1985	5.51e-202	inf
1986	1.49e-200	inf
1987	4.01e-199	inf
1988	1.08e-197	inf
1989	1.52e-196	inf
1990	7.10e-198	inf
1991	5.75e-197	inf
1992	2.18e-199	inf
1993	3.04e-198	inf
1994	4.10e-197	inf
1995	1.13e-198	inf
1996	1.56e-197	inf
1997	2.53e-196	inf
1998	1.24e-201	inf
1999	3.34e-200	inf
2000	9.03e-199	inf
2001	6.27e-200	inf
2002	1.50e-200	inf
2003	4.06e-199	inf
2004	5.50e-198	inf
2005	7.54e-197	inf
2006	2.61e-197	inf
2007	1.11e-197	inf
2008	2.98e-196	inf
2009	3.31e-199	inf
2010	4.90e-198	inf
2011	6.70e-197	inf
2012	2.90e-196	inf
2013	3.48e-200	inf
2014	9.38e-199	inf
2015	1.32e-197	inf
2016	6.72e-200	inf
2017	1.81e-198	inf
2018	5.35e-200	inf
2019	1.45e-198	inf
2020	3.90e-197	inf
2021	4.28e-198	inf
2022	4.25e-197	inf
2023	1.56e-198	inf
2024	4.22e-197	inf
2025	1.12e-198	inf
2026	3.04e-197	inf
2027	2.16e-197	inf
2028	1.80e-198	inf
2029	5.25e-204	inf
2030	1.42e-202	inf
2031	3.83e-201	inf
2032	1.03e-199	inf
2033	2.79e-198	inf
2034	4.63e-197	inf
2035	8.35e-196	inf
2036	6.03e-199	inf
2037	9.19e-198	inf
2038	2.13e-200	inf
2039	5.75e-199	inf
2040	1.41e-201	inf
2041	3.81e-200	inf
2042	1.03e-198	inf
2043	2.28e-197	inf
2044	1.49e-197	inf
2045	2.16e-196	inf
2046	1.85e-197	inf
2047	2.50e-196	inf
2048	4.97e-203	inf
2049	1.34e-201	inf
2050	3.62e-200	inf
2051	9.78e-199	inf
2052	1.74e-197	inf
2053	9.53e-198	inf
2054	1.19e-196	inf
2055	1.61e-195	inf
2056	8.54e-200	inf
2057	2.31e-198	inf
2058	2.70e-200	inf
2059	7.29e-199	inf
2060	1.97e-197	inf
2061	2.68e-196	inf
2062	4.50e-198	inf
2063	5.26e-198	inf
2064	2.37e-198	inf
2065	6.39e-197	inf
2066	1.17e-197	inf
2067	2.73e-197	inf
2068	5.10e-196	inf
2069	3.81e-196	inf
2070	1.74e-196	inf
2071	2.51e-195	inf
2072	9.15e-196	inf
2073	1.34e-200	inf
2074	3.63e-199	inf
2075	9.79e-198	inf
2076	3.43e-197	inf
2077	9.60e-199	inf
2078	2.59e-197	inf
2079	3.58e-196	inf
2080	9.67e-198	inf
2081	2.61e-196	inf
2082	5.07e-199	inf
2083	1.37e-197	inf
2084	3.70e-196	inf
2085	6.68e-196	inf
2086	1.31e-196	inf
2087	5.32e-197	inf
2088	1.44e-195	inf
2089	4.73e-198	inf
2090	1.04e-196	inf
2091	1.60e-195	inf
2092	2.42e-194	inf
2093	1.64e-197	inf
2094	3.81e-197	inf
2095	2.14e-199	inf
2096	5.78e-198	inf
2097	1.01e-196	inf
2098	1.42e-195	inf
2099	2.63e-196	inf
2100	2.66e-196	inf
2101	3.59e-195	inf
2102	2.81e-200	inf
2103	7.58e-199	inf
2104	2.05e-197	inf
2105	3.43e-196	inf
2106	2.25e-197	inf
2107	6.07e-196	inf
2108	6.43e-197	inf
2109	3.80e-198	inf
2110	1.03e-196	inf
2111	1.66e-195	inf
2112	1.79e-195	inf
2113	3.04e-198	inf
2114	8.20e-197	inf
2115	1.28e-195	inf
2116	2.23e-194	inf
2117	3.64e-197	inf
2118	3.86e-196	inf
2119	4.51e-196	inf
2120	8.56e-195	inf
2121	5.42e-199	inf
2122	1.46e-197	inf
2123	2.01e-196	inf
2124	6.89e-198	inf
2125	5.45e-198	inf
2126	1.47e-196	inf
2127	2.80e-195	inf
2128	1.26e-194	inf
2129	6.86e-202	inf
2130	1.85e-200	inf
2131	5.00e-199	inf
2132	1.35e-197	inf
2133	1.59e-196	inf
2134	4.48e-196	inf
2135	6.21e-195	inf
2136	6.94e-196	inf
2137	1.07e-194	inf
2138	9.58e-197	inf
2139	2.59e-195	inf
2140	5.23e-198	inf
2141	1.41e-196	inf
2142	3.81e-195	inf
2143	9.62e-194	inf
2144	5.80e-198	inf
2145	1.57e-196	inf
2146	2.13e-195	inf
2147	3.39e-194	inf
2148	9.24e-195	inf
2149	1.93e-194	inf
2150	9.82e-198	inf
2151	2.65e-196	inf
2152	1.24e-196	inf
2153	3.34e-195	inf
2154	4.96e-194	inf
2155	1.80e-194	inf
2156	6.39e-196	inf
2157	5.90e-197	inf
2158	1.59e-195	inf
2159	8.81e-199	inf
2160	2.38e-197	inf
2161	6.42e-196	inf
2162	1.73e-194	inf
2163	8.25e-194	inf
2164	1.97e-196	inf
2165	5.33e-195	inf
2166	8.34e-194	inf
2167	6.40e-194	inf
2168	5.69e-194	inf
2169	2.47e-193	inf
2170	2.48e-198	inf
2171	6.69e-197	inf
2172	1.01e-195	inf
2173	1.62e-194	inf
2174	2.87e-193	inf
2175	2.33e-197	inf
2176	6.29e-196	inf
2177	8.85e-195	inf
2178	3.28e-198	inf
2179	8.84e-197	inf
2180	2.39e-195	inf
2181	5.93e-194	inf
2182	9.02e-196	inf
2183	2.43e-194	inf
2184	1.21e-198	inf
2185	3.26e-197	inf
2186	8.80e-196	inf
2187	2.38e-194	inf
2188	3.20e-193	inf
2189	1.65e-193	inf
2190	3.97e-194	inf
2191	4.75e-195	inf
2192	1.28e-193	inf
2193	6.17e-195	inf
2194	1.05e-193	inf
2195	1.94e-192	inf
2196	2.60e-195	inf
2197	3.60e-194	inf
2198	7.02e-196	inf
2199	1.90e-194	inf
2200	4.88e-193	inf
2201	3.48e-195	inf
2202	9.40e-194	inf
2203	1.27e-192	inf
2204	1.61e-194	inf
2205	1.82e-193	inf
2206	4.72e-197	inf
2207	1.27e-195	inf
2208	3.44e-194	inf
2209	5.57e-193	inf
2210	8.35e-197	inf
2211	2.25e-195	inf
2212	6.08e-194	inf
2213	8.26e-193	inf
2214	2.30e-196	inf
2215	6.20e-195	inf
2216	2.09e-194	inf
2217	3.26e-193	inf
2218	6.26e-194	inf
2219	1.32e-197	inf
2220	3.56e-196	inf
2221	9.60e-195	inf
2222	2.59e-193	inf
2223	4.98e-193	inf
2224	3.77e-192	inf
2225	1.30e-196	inf
2226	3.50e-195	inf
2227	1.46e-195	inf
2228	3.94e-194	inf
2229	5.65e-193	inf
2230	9.21e-197	inf
2231	2.49e-195	inf
2232	6.72e-194	inf
2233	4.36e-193	inf
2234	2.00e-192	inf
2235	5.71e-197	inf
2236	1.54e-195	inf
2237	2.33e-194	inf
2238	2.17e-194	inf
2239	5.41e-193	inf
2240	1.07e-191	inf
2241	1.23e-193	inf
2242	1.73e-192	inf
2243	1.29e-197	inf
2244	3.48e-196	inf
2245	9.38e-195	inf
2246	1.51e-193	inf
2247	2.66e-192	inf
2248	2.49e-193	inf
2249	6.73e-192	inf
2250	1.12e-192	inf
2251	1.55e-192	inf
2252	3.33e-195	inf
2253	9.72e-195	inf
2254	1.62e-193	inf
2255	2.19e-192	inf
2256	3.50e-191	inf
2257	3.09e-194	inf
2258	9.85e-197	inf
2259	2.66e-195	inf
2260	7.18e-194	inf
2261	1.07e-195	inf
2262	2.88e-194	inf
2263	6.28e-193	inf
2264	8.56e-192	inf
2265	1.94e-194	inf
2266	5.24e-193	inf
2267	7.22e-192	inf
2268	8.64e-196	inf
2269	2.33e-194	inf
2270	4.32e-193	inf
2271	8.42e-192	inf
2272	2.81e-192	inf
2273	4.33e-191	inf
2274	1.06e-190	inf
2275	4.07e-195	inf
2276	1.10e-193	inf
2277	1.19e-193	inf
2278	3.22e-192	inf
2279	6.62e-194	inf
2280	1.79e-192	inf
2281	3.17e-191	inf
2282	1.83e-192	inf
2283	4.53e-191	inf
2284	1.15e-192	inf
2285	2.12e-191	inf
2286	1.77e-193	inf
2287	4.78e-192	inf
2288	2.47e-191	inf
2289	6.11e-192	inf
2290	7.20e-193	inf
2291	1.94e-191	inf
2292	2.64e-190	inf
2293	9.44e-192	inf
2294	1.48e-190	inf
2295	9.48e-191	inf
2296	1.15e-192	inf
2297	8.08e-192	inf
2298	2.13e-192	inf
2299	3.63e-194	inf
2300	9.81e-193	inf
2301	2.65e-191	inf
2302	1.07e-191	inf
2303	2.88e-190	inf
2304	1.16e-190	inf
2305	1.06e-191	inf
2306	2.85e-190	inf
2307	1.96e-192	inf
2308	5.29e-191	inf
2309	9.56e-199	inf
2310	2.58e-197	inf
2311	6.97e-196	inf
2312	1.88e-194	inf
2313	3.64e-193	inf
2314	7.30e-192	inf
2315	1.51e-190	inf
2316	3.98e-192	inf
2317	1.07e-190	inf
2318	2.35e-189	inf
2319	1.27e-191	inf
2320	1.99e-190	inf
2321	1.47e-191	inf
2322	3.97e-190	inf
2323	1.97e-191	inf
2324	5.31e-190	inf
2325	5.48e-193	inf
2326	1.48e-191	inf
2327	1.81e-190	inf
2328	3.75e-191	inf
2329	1.30e-191	inf
2330	3.52e-190	inf
2331	2.24e-194	inf
2332	6.06e-193	inf
2333	1.64e-191	inf
2334	1.41e-191	inf
2335	3.81e-190	inf
2336	2.15e-191	inf
2337	5.80e-190	inf
2338	1.18e-188	inf
2339	2.73e-190	inf
2340	3.44e-189	inf
2341	2.88e-197	inf
2342	7.79e-196	inf
2343	2.10e-194	inf
2344	4.48e-193	inf
2345	9.72e-192	inf
2346	1.68e-190	inf
2347	3.12e-189	inf
2348	6.71e-190	inf
2349	1.81e-188	inf
2350	2.36e-192	inf
2351	6.37e-191	inf
2352	8.71e-190	inf
2353	7.86e-189	inf
2354	7.86e-190	inf
2355	1.17e-190	inf
2356	3.16e-189	inf
2357	2.52e-189	inf
2358	5.44e-188	inf
2359	3.21e-191	inf
2360	6.48e-190	inf
2361	2.79e-190	inf
2362	6.83e-190	inf
2363	1.24e-188	inf
2364	1.74e-187	inf
2365	3.35e-189	inf
2366	4.86e-188	inf
2367	1.89e-187	inf
2368	1.38e-194	inf
2369	3.73e-193	inf
2370	1.01e-191	inf
2371	1.63e-190	inf
2372	2.88e-189	inf
2373	5.41e-191	inf
2374	1.46e-189	inf
2375	2.14e-188	inf
2376	2.89e-187	inf
2377	1.84e-187	inf
2378	1.69e-189	inf
2379	2.95e-188	inf
2380	6.85e-192	inf
2381	1.85e-190	inf
2382	5.00e-189	inf
2383	1.35e-187	inf
2384	1.82e-186	inf
2385	1.40e-191	inf
2386	3.78e-190	inf
2387	1.02e-188	inf
2388	5.77e-192	inf
2389	1.56e-190	inf
2390	4.20e-189	inf
2391	2.46e-192	inf
2392	6.64e-191	inf
2393	1.79e-189	inf
2394	4.84e-188	inf
2395	6.55e-187	inf
2396	3.15e-187	inf
2397	4.35e-186	inf
2398	4.17e-187	inf
2399	9.02e-186	inf
2400	3.12e-185	inf
2401	1.74e-188	inf
2402	4.71e-187	inf
2403	6.36e-186	inf
2404	8.93e-186	inf
2405	1.36e-187	inf
2406	3.68e-186	inf
2407	5.75e-185	inf
2408	6.86e-191	inf
2409	1.85e-189	inf
2410	5.00e-188	inf
2411	1.35e-186	inf
2412	3.65e-185	inf
2413	1.76e-185	inf
2414	3.82e-186	inf
2415	1.03e-184	inf
2416	6.64e-185	inf
2417	5.80e-185	inf
2418	3.24e-186	inf
2419	8.76e-185	inf
2420	1.88e-188	inf
2421	5.07e-187	inf
2422	1.37e-185	inf
2423	4.77e-188	inf
2424	1.29e-186	inf
2425	3.48e-185	inf
2426	1.14e-184	inf
2427	2.43e-185	inf
2428	6.56e-184	inf
2429	7.08e-184	inf
2430	1.33e-182	inf
2431	8.99e-185	inf
2432	2.43e-183	inf
2433	3.28e-182	inf
2434	7.52e-185	inf
2435	2.03e-183	inf
2436	5.48e-182	inf
2437	2.25e-182	inf
2438	4.28e-181	inf
2439	6.23e-181	inf
2440	1.19e-185	inf
2441	3.21e-184	inf
2442	6.94e-186	inf
2443	1.87e-184	inf
2444	5.06e-183	inf
2445	4.49e-184	inf
2446	1.21e-182	inf
2447	1.75e-181	inf
2448	1.19e-181	inf
2449	3.21e-180	inf
2450	4.33e-179	inf
2451	5.85e-178	inf
2452	2.18e-182	inf
2453	5.90e-181	inf
2454	1.40e-179	inf
2455	3.33e-178	inf
2456	4.61e-177	inf
2457	1.86e-178	inf
2458	1.68e-178	inf
2459	4.44e-177	inf
2460	6.09e-176	inf
2461	3.16e-177	inf
2462	6.46e-176	inf
2463	6.28e-176	inf
2464	1.51e-175	inf
2465	2.77e-174	inf
2466	8.20e-175	inf
2467	4.98e-176	inf
2468	8.98e-175	inf
2469	1.71e-173	inf
2470	2.31e-172	inf
2471	3.70e-171	inf
2472	6.51e-170	inf
2473	8.79e-169	inf
2474	1.40e-167	inf
2475	2.46e-166	inf
2476	3.53e-165	inf
2477	5.83e-164	inf
2478	8.85e-163	inf
2479	1.51e-161	inf
2480	2.77e-160	inf
2481	5.35e-159	inf
2482	1.07e-157	inf
2483	2.22e-156	inf
2484	4.71e-155	inf
2485	1.02e-153	inf
2486	2.24e-152	inf
2487	5.00e-151	inf
2488	1.13e-149	inf
2489	2.58e-148	inf
2490	5.95e-147	inf
2491	1.38e-145	inf
2492	3.24e-144	inf
2493	7.64e-143	inf
2494	1.81e-141	inf
2495	4.33e-140	inf
2496	1.04e-138	inf
2497	2.50e-137	inf
2498	6.06e-136	inf
2499	1.47e-134	inf
2500	3.59e-133	inf
2501	8.80e-132	inf
2502	2.16e-130	inf
2503	5.32e-129	inf
2504	1.31e-127	inf
2505	3.26e-126	inf
2506	8.09e-125	inf
2507	2.01e-123	inf
2508	5.02e-122	inf
2509	1.26e-120	inf
2510	3.14e-119	inf
2511	7.89e-118	inf
2512	1.98e-116	inf
2513	5.00e-115	1.31e+152
2514	1.26e-113	1.75e+150
2515	3.18e-112	2.40e+148
2516	8.06e-111	3.18e+146
2517	2.04e-109	4.34e+144
2518	2.83e-108	8.20e+142
2519	3.82e-107	3.59e+141
2520	6.12e-106	8.00e+139
2521	1.08e-104	2.04e+138
2522	2.02e-103	3.76e+136
2523	3.98e-102	7.87e+134
2524	8.09e-101	1.33e+133
2525	1.69e-99	2.49e+131
2526	3.62e-98	3.97e+129
2527	7.88e-97	6.96e+127
2528	1.74e-95	1.07e+126
2529	2.77e-94	2.20e+124
2530	3.75e-93	7.10e+122
2531	6.01e-92	1.94e+121
2532	8.14e-91	4.89e+119
2533	1.31e-89	1.59e+118
2534	2.30e-88	3.01e+116
2535	4.32e-87	7.10e+114
2536	8.50e-86	1.20e+113
2537	1.73e-84	2.44e+111
2538	3.62e-83	3.88e+109
2539	7.74e-82	7.19e+107
2540	1.69e-80	1.10e+106
2541	3.73e-79	1.91e+104
2542	8.37e-78	2.83e+102
2543	1.90e-76	4.72e+100
2544	4.35e-75	6.84e+98
2545	1.01e-73	1.10e+97
2546	2.35e-72	1.57e+95
2547	5.52e-71	2.46e+93
2548	1.31e-69	3.46e+91
2549	3.11e-68	5.32e+89
2550	7.43e-67	7.39e+87
2551	1.79e-65	1.11e+86
2552	4.31e-64	1.53e+84
2553	1.05e-62	2.28e+82
2554	2.54e-61	3.11e+80
2555	6.22e-60	4.56e+78
2556	1.52e-58	6.18e+76
2557	3.75e-57	8.96e+74
2558	9.24e-56	1.21e+73
2559	2.29e-54	1.73e+71
2560	5.67e-53	2.33e+69
2561	1.41e-51	3.31e+67
2562	3.51e-50	4.42e+65
2563	8.77e-49	6.23e+63
2564	2.19e-47	8.29e+61
2565	5.50e-46	1.16e+60
2566	1.38e-44	1.54e+58
2567	3.47e-43	2.14e+56
2568	8.75e-42	2.83e+54
2569	2.21e-40	3.92e+52
2570	5.59e-39	5.16e+50
2571	1.41e-37	7.11e+48
2572	3.59e-36	9.33e+46
2573	9.10e-35	1.28e+45
2574	2.31e-33	1.68e+43
2575	5.89e-32	2.29e+41
2576	1.50e-30	2.99e+39
2577	3.83e-29	4.07e+37
2578	9.77e-28	5.31e+35
2579	2.49e-26	7.20e+33
2580	6.36e-25	9.40e+31
2581	1.61e-23	1.28e+30
2582	4.01e-22	1.72e+28
2583	9.42e-21	2.52e+26
2584	1.91e-19	4.15e+24
2585	2.79e-18	9.97e+22
2586	2.38e-17	4.22e+21
2587	1.12e-16	3.79e+20
2588	3.31e-16	6.28e+19
2589	7.26e-16	1.62e+19
2590	1.32e-15	5.57e+18
2591	2.13e-15	2.34e+18
2592	3.17e-15	1.13e+18
2593	4.43e-15	6.04e+17
2594	5.94e-15	3.50e+17
2595	7.67e-15	2.15e+17
2596	9.65e-15	1.39e+17
2597	1.19e-14	9.39e+16
2598	1.43e-14	6.54e+16
2599	1.70e-14	4.69e+16
2600	2.00e-14	3.45e+16
2601	2.32e-14	2.59e+16
2602	2.66e-14	1.98e+16
2603	3.03e-14	1.54e+16
2604	3.43e-14	1.21e+16
2605	3.84e-14	9.70e+15
2606	4.29e-14	7.84e+15
2607	4.76e-14	6.41e+15
2608	5.25e-14	5.28e+15
2609	5.77e-14	4.39e+15
2610	6.31e-14	3.68e+15
2611	6.88e-14	3.11e+15
2612	7.47e-14	2.65e+15
2613	8.09e-14	2.26e+15
2614	8.74e-14	1.95e+15
2615	9.41e-14	1.68e+15
2616	1.01e-13	1.46e+15
2617	1.08e-13	1.28e+15
2618	1.16e-13	1.12e+15
2619	1.23e-13	9.88e+14
2620	1.31e-13	8.74e+14
2621	1.39e-13	7.76e+14
2622	1.48e-13	6.91e+14
2623	1.57e-13	6.17e+14
2624	1.66e-13	5.53e+14
2625	1.75e-13	4.97e+14
2626	1.84e-13	4.48e+14
2627	1.94e-13	4.04e+14
2628	2.04e-13	3.66e+14
2629	2.14e-13	3.33e+14
2630	2.25e-13	3.03e+14
2631	2.35e-13	nan
2632	inf	nan
2633	inf	0.00e+00
