0	2.00e-05	1.33e+02
1	1.98e-05	1.33e+02
2	1.95e-05	1.33e+02
3	1.93e-05	1.32e+02
4	1.91e-05	1.32e+02
5	1.89e-05	1.32e+02
6	1.87e-05	1.32e+02
7	1.85e-05	1.32e+02
8	1.83e-05	1.32e+02
9	1.81e-05	1.32e+02
10	1.79e-05	1.32e+02
11	1.77e-05	1.32e+02
12	1.76e-05	1.32e+02
13	1.74e-05	1.32e+02
14	1.72e-05	1.32e+02
15	1.71e-05	1.32e+02
16	1.69e-05	1.32e+02
17	1.68e-05	1.32e+02
18	1.66e-05	1.32e+02
19	1.65e-05	1.31e+02
20	1.63e-05	1.31e+02
21	1.62e-05	1.31e+02
22	1.60e-05	1.31e+02
23	1.59e-05	1.31e+02
24	1.58e-05	1.31e+02
25	1.56e-05	1.31e+02
26	1.55e-05	1.31e+02
27	1.54e-05	1.31e+02
28	1.53e-05	1.31e+02
29	1.52e-05	1.31e+02
30	1.50e-05	1.31e+02
31	1.49e-05	1.31e+02
32	1.48e-05	1.31e+02
33	1.47e-05	1.31e+02
34	1.46e-05	1.31e+02
35	1.45e-05	1.30e+02
36	1.44e-05	1.30e+02
37	1.43e-05	1.30e+02
38	1.42e-05	1.30e+02
39	1.41e-05	1.30e+02
40	1.40e-05	1.30e+02
41	1.39e-05	1.30e+02
42	1.38e-05	1.30e+02
43	1.37e-05	1.30e+02
44	1.36e-05	1.30e+02
45	1.35e-05	1.30e+02
46	1.34e-05	1.30e+02
47	1.34e-05	1.30e+02
48	1.33e-05	1.30e+02
49	1.32e-05	1.30e+02
50	1.31e-05	1.30e+02
51	1.30e-05	1.30e+02
52	1.29e-05	1.29e+02
53	1.29e-05	1.29e+02
54	1.28e-05	1.29e+02
55	1.27e-05	1.29e+02
56	1.26e-05	1.29e+02
57	1.26e-05	1.29e+02
58	1.25e-05	1.29e+02
59	1.24e-05	1.29e+02
60	1.23e-05	1.29e+02
61	1.23e-05	1.29e+02
62	1.22e-05	1.29e+02
63	1.21e-05	1.29e+02
64	1.21e-05	1.29e+02
65	1.20e-05	1.29e+02
66	1.19e-05	1.29e+02
67	1.19e-05	1.29e+02
68	1.18e-05	1.29e+02
69	1.18e-05	1.28e+02
70	1.17e-05	1.28e+02
71	1.16e-05	1.28e+02
72	1.16e-05	1.28e+02
73	1.15e-05	1.28e+02
74	1.15e-05	1.28e+02
75	1.14e-05	1.28e+02
76	1.13e-05	1.28e+02
77	1.13e-05	1.28e+02
78	1.12e-05	1.28e+02
79	1.12e-05	1.28e+02
80	1.11e-05	1.28e+02
81	1.11e-05	1.28e+02
82	1.10e-05	1.28e+02
83	1.10e-05	1.28e+02
84	1.09e-05	1.28e+02
85	1.09e-05	1.27e+02
86	1.08e-05	1.27e+02
87	1.08e-05	1.27e+02
88	1.07e-05	1.27e+02
89	1.07e-05	1.27e+02
90	1.06e-05	1.27e+02
91	1.06e-05	1.27e+02
92	1.05e-05	1.27e+02
93	1.05e-05	1.27e+02
94	1.04e-05	1.27e+02
95	1.04e-05	1.27e+02
96	1.04e-05	1.27e+02
97	1.03e-05	1.27e+02
98	1.03e-05	1.27e+02
99	1.02e-05	1.27e+02
100	1.02e-05	1.27e+02
101	1.01e-05	1.26e+02
102	1.01e-05	1.26e+02
103	1.01e-05	1.26e+02
104	1.00e-05	1.26e+02
105	9.97e-06	1.26e+02
106	9.93e-06	1.26e+02
107	9.89e-06	1.26e+02
108	9.85e-06	1.26e+02
109	9.82e-06	1.26e+02
110	9.78e-06	1.26e+02
111	9.74e-06	1.26e+02
112	9.70e-06	1.26e+02
113	9.66e-06	1.26e+02
114	9.63e-06	1.26e+02
115	9.59e-06	1.26e+02
116	9.56e-06	1.26e+02
117	9.52e-06	1.25e+02
118	9.48e-06	1.25e+02
119	9.45e-06	1.25e+02
120	9.41e-06	1.25e+02
121	9.38e-06	1.25e+02
122	9.35e-06	1.25e+02
123	9.31e-06	1.25e+02
124	9.28e-06	1.25e+02
125	9.25e-06	1.25e+02
126	9.21e-06	1.25e+02
127	9.18e-06	1.25e+02
128	9.15e-06	1.25e+02
129	9.12e-06	1.25e+02
130	9.09e-06	1.25e+02
131	9.05e-06	1.25e+02
132	9.02e-06	1.25e+02
133	8.99e-06	1.24e+02
134	8.96e-06	1.24e+02
135	8.93e-06	1.24e+02
136	8.90e-06	1.24e+02
137	8.87e-06	1.24e+02
138	8.84e-06	1.24e+02
139	8.81e-06	1.24e+02
140	8.79e-06	1.24e+02
141	8.76e-06	1.24e+02
142	8.73e-06	1.24e+02
143	8.70e-06	1.24e+02
144	8.67e-06	1.24e+02
145	8.65e-06	1.24e+02
146	8.62e-06	1.24e+02
147	8.59e-06	1.24e+02
148	8.56e-06	1.23e+02
149	8.54e-06	1.23e+02
150	8.51e-06	1.23e+02
151	8.48e-06	1.23e+02
152	8.46e-06	1.23e+02
153	8.43e-06	1.23e+02
154	8.41e-06	1.23e+02
155	8.38e-06	1.23e+02
156	8.36e-06	1.23e+02
157	8.33e-06	1.23e+02
158	8.31e-06	1.23e+02
159	8.28e-06	1.23e+02
160	8.26e-06	1.23e+02
161	8.23e-06	1.23e+02
162	8.21e-06	1.23e+02
163	8.18e-06	1.23e+02
164	8.16e-06	1.22e+02
165	8.14e-06	1.22e+02
166	8.11e-06	1.22e+02
167	8.09e-06	1.22e+02
168	8.07e-06	1.22e+02
169	8.05e-06	1.22e+02
170	8.02e-06	1.22e+02
171	8.00e-06	1.22e+02
172	7.98e-06	1.22e+02
173	7.96e-06	1.22e+02
174	7.93e-06	1.22e+02
175	7.91e-06	1.22e+02
176	7.89e-06	1.22e+02
177	7.87e-06	1.22e+02
178	7.85e-06	1.22e+02
179	7.83e-06	1.21e+02
180	7.81e-06	1.21e+02
181	7.78e-06	1.21e+02
182	7.76e-06	1.21e+02
183	7.74e-06	1.21e+02
184	7.72e-06	1.21e+02
185	7.70e-06	1.21e+02
186	7.68e-06	1.21e+02
187	7.66e-06	1.21e+02
188	7.64e-06	1.21e+02
189	7.62e-06	1.21e+02
190	7.60e-06	1.21e+02
191	7.58e-06	1.21e+02
192	7.56e-06	1.21e+02
193	7.55e-06	1.21e+02
194	7.53e-06	1.20e+02
195	7.51e-06	1.20e+02
196	7.49e-06	1.20e+02
197	7.47e-06	1.20e+02
198	7.45e-06	1.20e+02
199	7.43e-06	1.20e+02
200	7.41e-06	1.20e+02
201	7.40e-06	1.20e+02
202	7.38e-06	1.20e+02
203	7.36e-06	1.20e+02
204	7.34e-06	1.20e+02
205	7.33e-06	1.20e+02
206	7.31e-06	1.20e+02
207	7.29e-06	1.20e+02
208	7.27e-06	1.20e+02
209	7.26e-06	1.19e+02
210	7.24e-06	1.19e+02
211	7.22e-06	1.19e+02
212	7.20e-06	1.19e+02
213	7.19e-06	1.19e+02
214	7.17e-06	1.19e+02
215	7.15e-06	1.19e+02
216	7.14e-06	1.19e+02
217	7.12e-06	1.19e+02
218	7.11e-06	1.19e+02
219	7.09e-06	1.19e+02
220	7.07e-06	1.19e+02
221	7.06e-06	1.19e+02
222	7.04e-06	1.19e+02
223	7.03e-06	1.19e+02
224	7.01e-06	1.18e+02
225	6.99e-06	1.18e+02
226	6.98e-06	1.18e+02
227	6.96e-06	1.18e+02
228	6.95e-06	1.18e+02
229	6.93e-06	1.18e+02
230	6.92e-06	1.18e+02
231	6.90e-06	1.18e+02
232	6.89e-06	1.18e+02
233	6.87e-06	1.18e+02
234	6.86e-06	1.18e+02
235	6.84e-06	1.18e+02
236	6.83e-06	1.18e+02
237	6.81e-06	1.18e+02
238	6.80e-06	1.18e+02
239	6.79e-06	1.17e+02
240	6.77e-06	1.17e+02
241	6.76e-06	1.17e+02
242	6.74e-06	1.17e+02
243	6.73e-06	1.17e+02
244	6.72e-06	1.17e+02
245	6.70e-06	1.17e+02
246	6.69e-06	1.17e+02
247	6.67e-06	1.17e+02
248	6.66e-06	1.17e+02
249	6.65e-06	1.17e+02
250	6.63e-06	1.17e+02
251	6.62e-06	1.17e+02
252	6.61e-06	1.17e+02
253	6.59e-06	1.17e+02
254	6.58e-06	1.16e+02
255	6.57e-06	1.16e+02
256	6.55e-06	1.16e+02
257	6.54e-06	1.16e+02
258	6.53e-06	1.16e+02
259	6.52e-06	1.16e+02
260	6.50e-06	1.16e+02
261	6.49e-06	1.16e+02
262	6.48e-06	1.16e+02
263	6.46e-06	1.16e+02
264	6.45e-06	1.16e+02
265	6.44e-06	1.16e+02
266	6.43e-06	1.16e+02
267	6.42e-06	1.16e+02
268	6.40e-06	1.16e+02
269	6.39e-06	1.15e+02
270	6.38e-06	1.15e+02
271	6.37e-06	1.15e+02
272	6.36e-06	1.15e+02
273	6.34e-06	1.15e+02
274	6.33e-06	1.15e+02
275	6.32e-06	1.15e+02
276	6.31e-06	1.15e+02
277	6.30e-06	1.15e+02
278	6.28e-06	1.15e+02
279	6.27e-06	1.15e+02
280	6.26e-06	1.15e+02
281	6.25e-06	1.15e+02
282	6.24e-06	1.15e+02
283	6.23e-06	1.14e+02
284	6.22e-06	1.14e+02
285	6.21e-06	1.14e+02
286	6.19e-06	1.14e+02
287	6.18e-06	1.14e+02
288	6.17e-06	1.14e+02
289	6.16e-06	1.14e+02
290	6.15e-06	1.14e+02
291	6.14e-06	1.14e+02
292	6.13e-06	1.14e+02
293	6.12e-06	1.14e+02
294	6.11e-06	1.14e+02
295	6.10e-06	1.14e+02
296	6.09e-06	1.14e+02
297	6.08e-06	1.14e+02
298	6.07e-06	1.13e+02
299	6.05e-06	1.13e+02
300	6.04e-06	1.13e+02
301	6.03e-06	1.13e+02
302	6.02e-06	1.13e+02
303	6.01e-06	1.13e+02
304	6.00e-06	1.13e+02
305	5.99e-06	1.13e+02
306	5.98e-06	1.13e+02
307	5.97e-06	1.13e+02
308	5.96e-06	1.13e+02
309	5.95e-06	1.13e+02
310	5.94e-06	1.13e+02
311	5.93e-06	1.13e+02
312	5.92e-06	1.13e+02
313	5.91e-06	1.12e+02
314	5.90e-06	1.12e+02
315	5.89e-06	1.12e+02
316	5.89e-06	1.12e+02
317	5.88e-06	1.12e+02
318	5.87e-06	1.12e+02
319	5.86e-06	1.12e+02
320	5.85e-06	1.12e+02
321	5.84e-06	1.12e+02
322	5.83e-06	1.12e+02
323	5.82e-06	1.12e+02
324	5.81e-06	1.12e+02
325	5.80e-06	1.12e+02
326	5.79e-06	1.12e+02
327	5.78e-06	1.11e+02
328	5.77e-06	1.11e+02
329	5.76e-06	1.11e+02
330	5.76e-06	1.11e+02
331	5.75e-06	1.11e+02
332	5.74e-06	1.11e+02
333	5.73e-06	1.11e+02
334	5.72e-06	1.11e+02
335	5.71e-06	1.11e+02
336	5.70e-06	1.11e+02
337	5.69e-06	1.11e+02
338	5.68e-06	1.11e+02
339	5.68e-06	1.11e+02
340	5.67e-06	1.11e+02
341	5.66e-06	1.11e+02
342	5.65e-06	1.10e+02
343	5.64e-06	1.10e+02
344	5.63e-06	1.10e+02
345	5.62e-06	1.10e+02
346	5.62e-06	1.10e+02
347	5.61e-06	1.10e+02
348	5.60e-06	1.10e+02
349	5.59e-06	1.10e+02
350	5.58e-06	1.10e+02
351	5.58e-06	1.10e+02
352	5.57e-06	1.10e+02
353	5.56e-06	1.10e+02
354	5.55e-06	1.10e+02
355	5.54e-06	1.10e+02
356	5.53e-06	1.10e+02
357	5.53e-06	1.09e+02
358	5.52e-06	1.09e+02
359	5.51e-06	1.09e+02
360	5.50e-06	1.09e+02
361	5.49e-06	1.09e+02
362	5.49e-06	1.09e+02
363	5.48e-06	1.09e+02
364	5.47e-06	1.09e+02
365	5.46e-06	1.09e+02
366	5.46e-06	1.09e+02
367	5.45e-06	1.09e+02
368	5.44e-06	1.09e+02
369	5.43e-06	1.09e+02
370	5.43e-06	1.09e+02
371	5.42e-06	1.08e+02
372	5.41e-06	1.08e+02
373	5.40e-06	1.08e+02
374	5.40e-06	1.08e+02
375	5.39e-06	1.08e+02
376	5.38e-06	1.08e+02
377	5.37e-06	1.08e+02
378	5.37e-06	1.08e+02
379	5.36e-06	1.08e+02
380	5.35e-06	1.08e+02
381	5.34e-06	1.08e+02
382	5.34e-06	1.08e+02
383	5.33e-06	1.08e+02
384	5.32e-06	1.08e+02
385	5.32e-06	1.08e+02
386	5.31e-06	1.07e+02
387	5.30e-06	1.07e+02
388	5.29e-06	1.07e+02
389	5.29e-06	1.07e+02
390	5.28e-06	1.07e+02
391	5.27e-06	1.07e+02
392	5.27e-06	1.07e+02
393	5.26e-06	1.07e+02
394	5.25e-06	1.07e+02
395	5.25e-06	1.07e+02
396	5.24e-06	1.07e+02
397	5.23e-06	1.07e+02
398	5.23e-06	1.07e+02
399	5.22e-06	1.07e+02
400	5.21e-06	1.07e+02
401	5.20e-06	1.06e+02
402	5.20e-06	1.06e+02
403	5.19e-06	1.06e+02
404	5.18e-06	1.06e+02
405	5.18e-06	1.06e+02
406	5.17e-06	1.06e+02
407	5.17e-06	1.06e+02
408	5.16e-06	1.06e+02
409	5.15e-06	1.06e+02
410	5.15e-06	1.06e+02
411	5.14e-06	1.06e+02
412	5.13e-06	1.06e+02
413	5.13e-06	1.06e+02
414	5.12e-06	1.06e+02
415	5.11e-06	1.06e+02
416	5.11e-06	1.05e+02
417	5.10e-06	1.05e+02
418	5.09e-06	1.05e+02
419	5.09e-06	1.05e+02
420	5.08e-06	1.05e+02
421	5.08e-06	1.05e+02
422	5.07e-06	1.05e+02
423	5.06e-06	1.05e+02
424	5.06e-06	1.05e+02
425	5.05e-06	1.05e+02
426	5.05e-06	1.05e+02
427	5.04e-06	1.05e+02
428	5.03e-06	1.05e+02
429	5.03e-06	1.05e+02
430	5.02e-06	1.04e+02
431	5.02e-06	1.04e+02
432	5.01e-06	1.04e+02
433	5.00e-06	1.04e+02
434	5.00e-06	1.04e+02
435	4.99e-06	1.04e+02
436	4.99e-06	1.04e+02
437	4.98e-06	1.04e+02
438	4.97e-06	1.04e+02
439	4.97e-06	1.04e+02
440	4.96e-06	1.04e+02
441	4.96e-06	1.04e+02
442	4.95e-06	1.04e+02
443	4.94e-06	1.04e+02
444	4.94e-06	1.04e+02
445	4.93e-06	1.03e+02
446	4.93e-06	1.03e+02
447	4.92e-06	1.03e+02
448	4.92e-06	1.03e+02
449	4.91e-06	1.03e+02
450	4.91e-06	1.03e+02
451	4.90e-06	1.03e+02
452	4.89e-06	1.03e+02
453	4.89e-06	1.03e+02
454	4.88e-06	1.03e+02
455	4.88e-06	1.03e+02
456	4.87e-06	1.03e+02
457	4.87e-06	1.03e+02
458	4.86e-06	1.03e+02
459	4.86e-06	1.03e+02
460	4.85e-06	1.02e+02
461	4.84e-06	1.02e+02
462	4.84e-06	1.02e+02
463	4.83e-06	1.02e+02
464	4.83e-06	1.02e+02
465	4.82e-06	1.02e+02
466	4.82e-06	1.02e+02
467	4.81e-06	1.02e+02
468	4.81e-06	1.02e+02
469	4.80e-06	1.02e+02
470	4.80e-06	1.02e+02
471	4.79e-06	1.02e+02
472	4.79e-06	1.02e+02
473	4.78e-06	1.02e+02
474	4.78e-06	1.02e+02
475	4.77e-06	1.01e+02
476	4.77e-06	1.01e+02
477	4.76e-06	1.01e+02
478	4.76e-06	1.01e+02
479	4.75e-06	1.01e+02
480	4.75e-06	1.01e+02
481	4.74e-06	1.01e+02
482	4.74e-06	1.01e+02
483	4.73e-06	1.01e+02
484	4.73e-06	1.01e+02
485	4.72e-06	1.01e+02
486	4.72e-06	1.01e+02
487	4.71e-06	1.01e+02
488	4.71e-06	1.01e+02
489	4.70e-06	1.01e+02
490	4.70e-06	1.00e+02
491	4.69e-06	1.00e+02
492	4.69e-06	1.00e+02
493	4.68e-06	1.00e+02
494	4.68e-06	1.00e+02
495	4.67e-06	1.00e+02
496	4.67e-06	1.00e+02
497	4.66e-06	1.00e+02
498	4.66e-06	9.99e+01
499	4.65e-06	9.99e+01
500	4.65e-06	9.98e+01
501	4.64e-06	9.97e+01
502	4.64e-06	9.97e+01
503	4.63e-06	9.96e+01
504	4.63e-06	9.95e+01
505	4.62e-06	9.95e+01
506	4.62e-06	9.94e+01
507	4.62e-06	9.93e+01
508	4.61e-06	9.93e+01
509	4.61e-06	9.92e+01
510	4.60e-06	9.91e+01
511	4.60e-06	1.24e+06
512	1.90e-10	1.13e+10
513	5.28e-10	2.16e+09
514	9.78e-10	8.14e+08
515	1.44e-09	4.11e+08
516	1.94e-09	2.36e+08
517	2.46e-09	1.43e+08
518	2.98e-09	1.06e+08
519	3.52e-09	8.18e+07
520	4.09e-09	5.54e+07
521	4.66e-09	3.85e+07
522	5.20e-09	3.22e+07
523	5.70e-09	3.06e+07
524	6.28e-09	2.92e+07
525	6.94e-09	2.33e+07
526	7.59e-09	1.59e+07
527	8.19e-09	1.17e+07
528	8.74e-09	9.91e+06
529	9.19e-09	9.03e+06
530	9.62e-09	8.69e+06
531	1.01e-08	8.96e+06
532	1.08e-08	9.81e+06
533	1.15e-08	1.03e+07
534	1.24e-08	8.66e+06
535	1.31e-08	5.89e+06
536	1.38e-08	4.18e+06
537	1.44e-08	3.48e+06
538	1.50e-08	3.13e+06
539	1.54e-08	2.91e+06
540	1.57e-08	2.73e+06
541	1.61e-08	2.59e+06
542	1.65e-08	2.47e+06
543	1.70e-08	2.39e+06
544	1.76e-08	2.38e+06
545	1.83e-08	2.49e+06
546	1.91e-08	2.81e+06
547	2.00e-08	3.37e+06
548	2.10e-08	3.80e+06
549	2.20e-08	3.39e+06
550	2.28e-08	2.33e+06
551	2.35e-08	1.55e+06
552	2.42e-08	1.23e+06
553	2.49e-08	1.09e+06
554	2.56e-08	1.02e+06
555	2.62e-08	9.65e+05
556	2.66e-08	9.24e+05
557	2.68e-08	8.87e+05
558	2.71e-08	8.53e+05
559	2.75e-08	8.22e+05
560	2.79e-08	7.93e+05
561	2.84e-08	7.64e+05
562	2.89e-08	7.35e+05
563	2.94e-08	7.10e+05
564	3.00e-08	6.86e+05
565	3.07e-08	6.64e+05
566	3.13e-08	6.45e+05
567	3.20e-08	6.32e+05
568	3.28e-08	6.30e+05
569	3.36e-08	6.46e+05
570	3.45e-08	6.97e+05
571	3.55e-08	8.15e+05
572	3.66e-08	1.03e+06
573	3.78e-08	1.31e+06
574	3.90e-08	1.43e+06
575	4.01e-08	1.16e+06
576	4.09e-08	7.53e+05
577	4.17e-08	5.00e+05
578	4.25e-08	3.97e+05
579	4.32e-08	3.54e+05
580	4.40e-08	3.30e+05
581	4.47e-08	3.15e+05
582	4.55e-08	3.04e+05
583	4.61e-08	2.96e+05
584	4.66e-08	2.87e+05
585	4.69e-08	2.80e+05
586	4.72e-08	2.73e+05
587	4.75e-08	2.67e+05
588	4.79e-08	2.61e+05
589	4.83e-08	2.55e+05
590	4.88e-08	2.49e+05
591	4.93e-08	2.43e+05
592	4.99e-08	2.37e+05
593	5.04e-08	2.32e+05
594	5.10e-08	2.26e+05
595	5.17e-08	2.20e+05
596	5.23e-08	2.15e+05
597	5.30e-08	2.09e+05
598	5.37e-08	2.04e+05
599	5.43e-08	1.99e+05
600	5.51e-08	1.94e+05
601	5.58e-08	1.90e+05
602	5.65e-08	1.85e+05
603	5.73e-08	1.81e+05
604	5.80e-08	1.77e+05
605	5.88e-08	1.73e+05
606	5.96e-08	1.69e+05
607	6.05e-08	1.66e+05
608	6.13e-08	1.63e+05
609	6.22e-08	1.61e+05
610	6.31e-08	1.61e+05
611	6.40e-08	1.64e+05
612	6.51e-08	1.71e+05
613	6.61e-08	1.87e+05
614	6.73e-08	2.21e+05
615	6.86e-08	2.84e+05
616	7.01e-08	3.84e+05
617	7.16e-08	4.97e+05
618	7.30e-08	5.28e+05
619	7.40e-08	4.14e+05
620	7.48e-08	2.60e+05
621	7.57e-08	1.68e+05
622	7.65e-08	1.29e+05
623	7.74e-08	1.13e+05
624	7.82e-08	1.04e+05
625	7.91e-08	9.89e+04
626	7.99e-08	9.52e+04
627	8.08e-08	9.25e+04
628	8.17e-08	9.04e+04
629	8.25e-08	8.86e+04
630	8.33e-08	8.69e+04
631	8.39e-08	8.55e+04
632	8.44e-08	8.41e+04
633	8.47e-08	8.29e+04
634	8.50e-08	8.18e+04
635	8.54e-08	8.07e+04
636	8.58e-08	7.95e+04
637	8.63e-08	7.83e+04
638	8.68e-08	7.71e+04
639	8.73e-08	7.60e+04
640	8.79e-08	7.49e+04
641	8.85e-08	7.38e+04
642	8.92e-08	7.27e+04
643	8.98e-08	7.15e+04
644	9.05e-08	7.04e+04
645	9.12e-08	6.92e+04
646	9.20e-08	6.81e+04
647	9.27e-08	6.70e+04
648	9.34e-08	6.60e+04
649	9.42e-08	6.49e+04
650	9.50e-08	6.39e+04
651	9.58e-08	6.28e+04
652	9.66e-08	6.17e+04
653	9.74e-08	6.07e+04
654	9.82e-08	5.97e+04
655	9.90e-08	5.88e+04
656	9.98e-08	5.79e+04
657	1.01e-07	5.69e+04
658	1.01e-07	5.60e+04
659	1.02e-07	5.50e+04
660	1.03e-07	5.41e+04
661	1.04e-07	5.33e+04
662	1.05e-07	5.24e+04
663	1.06e-07	5.16e+04
664	1.07e-07	5.08e+04
665	1.07e-07	5.00e+04
666	1.08e-07	4.92e+04
667	1.09e-07	4.84e+04
668	1.10e-07	4.77e+04
669	1.11e-07	4.70e+04
670	1.12e-07	4.63e+04
671	1.13e-07	4.56e+04
672	1.14e-07	4.49e+04
673	1.15e-07	4.42e+04
674	1.16e-07	4.36e+04
675	1.17e-07	4.29e+04
676	1.17e-07	4.24e+04
677	1.18e-07	4.18e+04
678	1.19e-07	4.13e+04
679	1.20e-07	4.09e+04
680	1.21e-07	4.05e+04
681	1.22e-07	4.01e+04
682	1.23e-07	4.00e+04
683	1.25e-07	4.00e+04
684	1.26e-07	4.05e+04
685	1.27e-07	4.16e+04
686	1.28e-07	4.40e+04
687	1.29e-07	4.85e+04
688	1.31e-07	5.71e+04
689	1.32e-07	7.27e+04
690	1.34e-07	9.96e+04
691	1.36e-07	1.40e+05
692	1.38e-07	1.83e+05
693	1.39e-07	1.93e+05
694	1.40e-07	1.49e+05
695	1.41e-07	9.28e+04
696	1.42e-07	5.81e+04
697	1.43e-07	4.24e+04
698	1.44e-07	3.56e+04
699	1.45e-07	3.21e+04
700	1.46e-07	3.01e+04
701	1.47e-07	2.88e+04
702	1.48e-07	2.78e+04
703	1.49e-07	2.70e+04
704	1.50e-07	2.63e+04
705	1.51e-07	2.58e+04
706	1.52e-07	2.54e+04
707	1.53e-07	2.50e+04
708	1.54e-07	2.47e+04
709	1.55e-07	2.44e+04
710	1.56e-07	2.42e+04
711	1.56e-07	2.40e+04
712	1.57e-07	2.38e+04
713	1.57e-07	2.36e+04
714	1.58e-07	2.33e+04
715	1.58e-07	2.31e+04
716	1.59e-07	2.30e+04
717	1.59e-07	2.28e+04
718	1.60e-07	2.26e+04
719	1.60e-07	2.24e+04
720	1.61e-07	2.22e+04
721	1.61e-07	2.20e+04
722	1.62e-07	2.18e+04
723	1.63e-07	2.15e+04
724	1.64e-07	2.13e+04
725	1.64e-07	2.11e+04
726	1.65e-07	2.09e+04
727	1.66e-07	2.07e+04
728	1.67e-07	2.05e+04
729	1.68e-07	2.03e+04
730	1.69e-07	2.01e+04
731	1.69e-07	1.99e+04
732	1.70e-07	1.97e+04
733	1.71e-07	1.95e+04
734	1.72e-07	1.93e+04
735	1.73e-07	1.91e+04
736	1.74e-07	1.89e+04
737	1.75e-07	1.87e+04
738	1.76e-07	1.85e+04
739	1.77e-07	1.83e+04
740	1.78e-07	1.81e+04
741	1.79e-07	1.79e+04
742	1.80e-07	1.77e+04
743	1.81e-07	1.75e+04
744	1.82e-07	1.73e+04
745	1.83e-07	1.71e+04
746	1.84e-07	1.70e+04
747	1.85e-07	1.68e+04
748	1.86e-07	1.66e+04
749	1.87e-07	1.64e+04
750	1.88e-07	1.62e+04
751	1.89e-07	1.61e+04
752	1.90e-07	1.59e+04
753	1.91e-07	1.57e+04
754	1.92e-07	1.56e+04
755	1.93e-07	1.54e+04
756	1.94e-07	1.53e+04
757	1.95e-07	1.51e+04
758	1.96e-07	1.49e+04
759	1.97e-07	1.48e+04
760	1.98e-07	1.46e+04
761	1.99e-07	1.45e+04
762	2.00e-07	1.43e+04
763	2.01e-07	1.42e+04
764	2.02e-07	1.41e+04
765	2.03e-07	1.39e+04
766	2.04e-07	1.38e+04
767	2.05e-07	1.36e+04
768	2.06e-07	1.35e+04
769	2.07e-07	1.34e+04
770	2.08e-07	1.32e+04
771	2.09e-07	1.31e+04
772	2.10e-07	1.30e+04
773	2.11e-07	1.29e+04
774	2.12e-07	1.27e+04
775	2.13e-07	1.26e+04
776	2.14e-07	1.25e+04
777	2.15e-07	1.24e+04
778	2.16e-07	1.22e+04
779	2.18e-07	1.21e+04
780	2.19e-07	1.20e+04
781	2.20e-07	1.19e+04
782	2.21e-07	1.18e+04
783	2.22e-07	1.17e+04
784	2.23e-07	1.16e+04
785	2.24e-07	1.15e+04
786	2.25e-07	1.13e+04
787	2.26e-07	1.12e+04
788	2.27e-07	1.11e+04
789	2.28e-07	1.10e+04
790	2.29e-07	1.09e+04
791	2.30e-07	1.08e+04
792	2.32e-07	1.07e+04
793	2.33e-07	1.06e+04
794	2.34e-07	1.06e+04
795	2.35e-07	1.05e+04
796	2.36e-07	1.04e+04
797	2.37e-07	1.03e+04
798	2.38e-07	1.02e+04
799	2.39e-07	1.01e+04
800	2.41e-07	1.00e+04
801	2.42e-07	9.95e+03
802	2.43e-07	9.88e+03
803	2.44e-07	9.81e+03
804	2.45e-07	9.76e+03
805	2.47e-07	9.70e+03
806	2.48e-07	9.66e+03
807	2.49e-07	9.64e+03
808	2.50e-07	9.65e+03
809	2.52e-07	9.70e+03
810	2.53e-07	9.82e+03
811	2.55e-07	1.01e+04
812	2.56e-07	1.05e+04
813	2.58e-07	1.12e+04
814	2.59e-07	1.26e+04
815	2.61e-07	1.49e+04
816	2.63e-07	1.90e+04
817	2.65e-07	2.60e+04
818	2.67e-07	3.73e+04
819	2.69e-07	5.30e+04
820	2.71e-07	6.72e+04
821	2.72e-07	6.65e+04
822	2.73e-07	4.85e+04
823	2.74e-07	2.95e+04
824	2.75e-07	1.85e+04
825	2.77e-07	1.33e+04
826	2.78e-07	1.09e+04
827	2.79e-07	9.66e+03
828	2.80e-07	8.92e+03
829	2.81e-07	8.42e+03
830	2.82e-07	8.05e+03
831	2.84e-07	7.76e+03
832	2.85e-07	7.53e+03
833	2.86e-07	7.34e+03
834	2.87e-07	7.18e+03
835	2.88e-07	7.05e+03
836	2.90e-07	6.93e+03
837	2.91e-07	6.84e+03
838	2.92e-07	6.76e+03
839	2.93e-07	6.69e+03
840	2.94e-07	6.63e+03
841	2.95e-07	6.58e+03
842	2.97e-07	6.54e+03
843	2.98e-07	6.50e+03
844	2.99e-07	6.46e+03
845	3.00e-07	6.43e+03
846	3.01e-07	6.40e+03
847	3.01e-07	6.37e+03
848	3.02e-07	6.33e+03
849	3.02e-07	6.30e+03
850	3.03e-07	6.27e+03
851	3.03e-07	6.23e+03
852	3.04e-07	6.20e+03
853	3.05e-07	6.17e+03
854	3.05e-07	6.14e+03
855	3.06e-07	6.11e+03
856	3.07e-07	6.08e+03
857	3.08e-07	6.05e+03
858	3.09e-07	6.01e+03
859	3.09e-07	5.97e+03
860	3.10e-07	5.94e+03
861	3.11e-07	5.90e+03
862	3.12e-07	5.86e+03
863	3.13e-07	5.83e+03
864	3.14e-07	5.79e+03
865	3.15e-07	5.76e+03
866	3.16e-07	5.72e+03
867	3.17e-07	5.69e+03
868	3.18e-07	5.65e+03
869	3.19e-07	5.61e+03
870	3.20e-07	5.57e+03
871	3.22e-07	5.53e+03
872	3.23e-07	5.50e+03
873	3.24e-07	5.46e+03
874	3.25e-07	5.42e+03
875	3.26e-07	5.39e+03
876	3.27e-07	5.35e+03
877	3.28e-07	5.32e+03
878	3.29e-07	5.28e+03
879	3.30e-07	5.25e+03
880	3.32e-07	5.21e+03
881	3.33e-07	5.17e+03
882	3.34e-07	5.14e+03
883	3.35e-07	5.10e+03
884	3.36e-07	5.07e+03
885	3.37e-07	5.03e+03
886	3.39e-07	5.00e+03
887	3.40e-07	4.96e+03
888	3.41e-07	4.93e+03
889	3.42e-07	4.90e+03
890	3.43e-07	4.87e+03
891	3.45e-07	4.83e+03
892	3.46e-07	4.80e+03
893	3.47e-07	4.77e+03
894	3.48e-07	4.73e+03
895	3.49e-07	4.70e+03
896	3.51e-07	4.67e+03
897	3.52e-07	4.63e+03
898	3.53e-07	4.60e+03
899	3.54e-07	4.57e+03
900	3.55e-07	4.55e+03
901	3.57e-07	4.52e+03
902	3.58e-07	4.49e+03
903	3.59e-07	4.46e+03
904	3.60e-07	4.42e+03
905	3.61e-07	4.39e+03
906	3.63e-07	4.36e+03
907	3.64e-07	4.33e+03
908	3.65e-07	4.30e+03
909	3.66e-07	4.28e+03
910	3.68e-07	4.25e+03
911	3.69e-07	4.22e+03
912	3.70e-07	4.20e+03
913	3.71e-07	4.17e+03
914	3.73e-07	4.14e+03
915	3.74e-07	4.11e+03
916	3.75e-07	4.09e+03
917	3.76e-07	4.06e+03
918	3.78e-07	4.03e+03
919	3.79e-07	4.00e+03
920	3.80e-07	3.98e+03
921	3.81e-07	3.95e+03
922	3.83e-07	3.93e+03
923	3.84e-07	3.90e+03
924	3.85e-07	3.88e+03
925	3.86e-07	3.86e+03
926	3.88e-07	3.83e+03
927	3.89e-07	3.81e+03
928	3.90e-07	3.78e+03
929	3.91e-07	3.76e+03
930	3.93e-07	3.73e+03
931	3.94e-07	3.71e+03
932	3.95e-07	3.68e+03
933	3.96e-07	3.66e+03
934	3.98e-07	3.64e+03
935	3.99e-07	3.62e+03
936	4.00e-07	3.59e+03
937	4.01e-07	3.57e+03
938	4.03e-07	3.55e+03
939	4.04e-07	3.53e+03
940	4.05e-07	3.51e+03
941	4.07e-07	3.48e+03
942	4.08e-07	3.46e+03
943	4.09e-07	3.44e+03
944	4.10e-07	3.42e+03
945	4.12e-07	3.40e+03
946	4.13e-07	3.38e+03
947	4.14e-07	3.36e+03
948	4.16e-07	3.34e+03
949	4.17e-07	3.32e+03
950	4.18e-07	3.30e+03
951	4.19e-07	3.28e+03
952	4.21e-07	3.26e+03
953	4.22e-07	3.24e+03
954	4.23e-07	3.22e+03
955	4.25e-07	3.20e+03
956	4.26e-07	3.18e+03
957	4.27e-07	3.16e+03
958	4.28e-07	3.14e+03
959	4.30e-07	3.12e+03
960	4.31e-07	3.10e+03
961	4.32e-07	3.09e+03
962	4.34e-07	3.07e+03
963	4.35e-07	3.05e+03
964	4.36e-07	3.03e+03
965	4.38e-07	3.01e+03
966	4.39e-07	3.00e+03
967	4.40e-07	2.98e+03
968	4.42e-07	2.96e+03
969	4.43e-07	2.94e+03
970	4.44e-07	2.92e+03
971	4.45e-07	2.91e+03
972	4.47e-07	2.89e+03
973	4.48e-07	2.88e+03
974	4.49e-07	2.86e+03
975	4.51e-07	2.84e+03
976	4.52e-07	2.83e+03
977	4.53e-07	2.81e+03
978	4.55e-07	2.79e+03
979	4.56e-07	2.78e+03
980	4.57e-07	2.76e+03
981	4.59e-07	2.75e+03
982	4.60e-07	2.73e+03
983	4.61e-07	2.71e+03
984	4.63e-07	2.70e+03
985	4.64e-07	2.68e+03
986	4.65e-07	2.67e+03
987	4.67e-07	2.66e+03
988	4.68e-07	2.64e+03
989	4.70e-07	2.63e+03
990	4.71e-07	2.61e+03
991	4.72e-07	2.60e+03
992	4.74e-07	2.58e+03
993	4.75e-07	2.57e+03
994	4.76e-07	2.55e+03
995	4.78e-07	2.54e+03
996	4.79e-07	2.52e+03
997	4.80e-07	2.51e+03
998	4.82e-07	2.50e+03
999	4.83e-07	2.49e+03
1000	4.85e-07	2.47e+03
1001	4.86e-07	2.46e+03
1002	4.87e-07	2.45e+03
1003	4.89e-07	2.43e+03
1004	4.90e-07	2.42e+03
1005	4.92e-07	2.41e+03
1006	4.93e-07	2.39e+03
1007	4.94e-07	2.38e+03
1008	4.96e-07	2.37e+03
1009	4.97e-07	2.36e+03
1010	4.99e-07	2.35e+03
1011	5.00e-07	2.34e+03
1012	5.02e-07	2.33e+03
1013	5.03e-07	2.32e+03
1014	5.05e-07	2.31e+03
1015	5.06e-07	2.30e+03
1016	5.08e-07	2.29e+03
1017	5.09e-07	2.28e+03
1018	5.11e-07	2.28e+03
1019	5.12e-07	2.27e+03
1020	5.14e-07	2.27e+03
1021	5.15e-07	2.27e+03
1022	5.17e-07	2.28e+03
1023	5.19e-07	2.30e+03
1024	5.20e-07	2.32e+03
1025	5.22e-07	2.37e+03
1026	5.24e-07	2.45e+03
1027	5.26e-07	2.57e+03
1028	5.28e-07	2.77e+03
1029	5.30e-07	3.09e+03
1030	5.32e-07	3.63e+03
1031	5.35e-07	4.53e+03
1032	5.37e-07	6.02e+03
1033	5.39e-07	8.48e+03
1034	5.42e-07	1.24e+04
1035	5.44e-07	1.78e+04
1036	5.46e-07	2.29e+04
1037	5.47e-07	2.31e+04
1038	5.49e-07	1.72e+04
1039	5.50e-07	1.05e+04
1040	5.52e-07	6.45e+03
1041	5.53e-07	4.46e+03
1042	5.54e-07	3.49e+03
1043	5.56e-07	2.98e+03
1044	5.57e-07	2.68e+03
1045	5.59e-07	2.49e+03
1046	5.60e-07	2.35e+03
1047	5.62e-07	2.24e+03
1048	5.63e-07	2.15e+03
1049	5.65e-07	2.08e+03
1050	5.66e-07	2.02e+03
1051	5.67e-07	1.96e+03
1052	5.69e-07	1.91e+03
1053	5.70e-07	1.87e+03
1054	5.72e-07	1.84e+03
1055	5.73e-07	1.81e+03
1056	5.75e-07	1.79e+03
1057	5.76e-07	1.76e+03
1058	5.78e-07	1.74e+03
1059	5.79e-07	1.73e+03
1060	5.81e-07	1.72e+03
1061	5.82e-07	1.70e+03
1062	5.83e-07	1.69e+03
1063	5.85e-07	1.69e+03
1064	5.86e-07	1.68e+03
1065	5.88e-07	1.67e+03
1066	5.89e-07	1.67e+03
1067	5.91e-07	1.66e+03
1068	5.92e-07	1.66e+03
1069	5.93e-07	1.65e+03
1070	5.94e-07	1.65e+03
1071	5.95e-07	1.64e+03
1072	5.96e-07	1.64e+03
1073	5.97e-07	1.63e+03
1074	5.97e-07	1.63e+03
1075	5.98e-07	1.62e+03
1076	5.99e-07	1.62e+03
1077	6.00e-07	1.61e+03
1078	6.00e-07	1.61e+03
1079	6.01e-07	1.60e+03
1080	6.02e-07	1.60e+03
1081	6.03e-07	1.59e+03
1082	6.04e-07	1.59e+03
1083	6.05e-07	1.58e+03
1084	6.06e-07	1.58e+03
1085	6.07e-07	1.57e+03
1086	6.09e-07	1.57e+03
1087	6.10e-07	1.56e+03
1088	6.11e-07	1.55e+03
1089	6.12e-07	1.55e+03
1090	6.13e-07	1.54e+03
1091	6.15e-07	1.54e+03
1092	6.16e-07	1.53e+03
1093	6.17e-07	1.53e+03
1094	6.18e-07	1.52e+03
1095	6.20e-07	1.51e+03
1096	6.21e-07	1.51e+03
1097	6.22e-07	1.50e+03
1098	6.24e-07	1.50e+03
1099	6.25e-07	1.49e+03
1100	6.26e-07	1.48e+03
1101	6.28e-07	1.48e+03
1102	6.29e-07	1.47e+03
1103	6.30e-07	1.46e+03
1104	6.32e-07	1.46e+03
1105	6.33e-07	1.45e+03
1106	6.35e-07	1.45e+03
1107	6.36e-07	1.44e+03
1108	6.37e-07	1.43e+03
1109	6.39e-07	1.43e+03
1110	6.40e-07	1.42e+03
1111	6.42e-07	1.42e+03
1112	6.43e-07	1.41e+03
1113	6.45e-07	1.40e+03
1114	6.46e-07	1.40e+03
1115	6.48e-07	1.39e+03
1116	6.49e-07	1.38e+03
1117	6.50e-07	1.38e+03
1118	6.52e-07	1.37e+03
1119	6.53e-07	1.37e+03
1120	6.55e-07	1.36e+03
1121	6.56e-07	1.35e+03
1122	6.58e-07	1.35e+03
1123	6.59e-07	1.34e+03
1124	6.61e-07	1.34e+03
1125	6.62e-07	1.33e+03
1126	6.64e-07	1.33e+03
1127	6.65e-07	1.32e+03
1128	6.67e-07	1.32e+03
1129	6.68e-07	1.31e+03
1130	6.70e-07	1.30e+03
1131	6.71e-07	1.30e+03
1132	6.73e-07	1.29e+03
1133	6.74e-07	1.29e+03
1134	6.76e-07	1.28e+03
1135	6.77e-07	1.28e+03
1136	6.79e-07	1.27e+03
1137	6.80e-07	1.26e+03
1138	6.82e-07	1.26e+03
1139	6.83e-07	1.25e+03
1140	6.85e-07	1.25e+03
1141	6.86e-07	1.24e+03
1142	6.88e-07	1.24e+03
1143	6.89e-07	1.23e+03
1144	6.91e-07	1.23e+03
1145	6.92e-07	1.22e+03
1146	6.94e-07	1.22e+03
1147	6.95e-07	1.21e+03
1148	6.97e-07	1.21e+03
1149	6.98e-07	1.20e+03
1150	7.00e-07	1.20e+03
1151	7.01e-07	1.19e+03
1152	7.03e-07	1.19e+03
1153	7.04e-07	1.18e+03
1154	7.06e-07	1.18e+03
1155	7.07e-07	1.17e+03
1156	7.09e-07	1.17e+03
1157	7.10e-07	1.16e+03
1158	7.12e-07	1.16e+03
1159	7.14e-07	1.15e+03
1160	7.15e-07	1.15e+03
1161	7.17e-07	1.14e+03
1162	7.18e-07	1.14e+03
1163	7.20e-07	1.13e+03
1164	7.21e-07	1.13e+03
1165	7.23e-07	1.12e+03
1166	7.24e-07	1.12e+03
1167	7.26e-07	1.11e+03
1168	7.27e-07	1.11e+03
1169	7.29e-07	1.11e+03
1170	7.31e-07	1.10e+03
1171	7.32e-07	1.10e+03
1172	7.34e-07	1.09e+03
1173	7.35e-07	1.09e+03
1174	7.37e-07	1.08e+03
1175	7.38e-07	1.08e+03
1176	7.40e-07	1.07e+03
1177	7.41e-07	1.07e+03
1178	7.43e-07	1.06e+03
1179	7.45e-07	1.06e+03
1180	7.46e-07	1.06e+03
1181	7.48e-07	1.05e+03
1182	7.49e-07	1.05e+03
1183	7.51e-07	1.04e+03
1184	7.52e-07	1.04e+03
1185	7.54e-07	1.04e+03
1186	7.55e-07	1.03e+03
1187	7.57e-07	1.03e+03
1188	7.59e-07	1.02e+03
1189	7.60e-07	1.02e+03
1190	7.62e-07	1.02e+03
1191	7.63e-07	1.01e+03
1192	7.65e-07	1.01e+03
1193	7.66e-07	1.00e+03
1194	7.68e-07	9.99e+02
1195	7.70e-07	9.95e+02
1196	7.71e-07	9.91e+02
1197	7.73e-07	9.87e+02
1198	7.74e-07	9.83e+02
1199	7.76e-07	9.80e+02
1200	7.78e-07	9.76e+02
1201	7.79e-07	9.72e+02
1202	7.81e-07	9.69e+02
1203	7.82e-07	9.65e+02
1204	7.84e-07	9.61e+02
1205	7.85e-07	9.57e+02
1206	7.87e-07	9.53e+02
1207	7.89e-07	9.49e+02
1208	7.90e-07	9.45e+02
1209	7.92e-07	9.42e+02
1210	7.93e-07	9.38e+02
1211	7.95e-07	9.34e+02
1212	7.97e-07	9.31e+02
1213	7.98e-07	9.27e+02
1214	8.00e-07	9.24e+02
1215	8.01e-07	9.21e+02
1216	8.03e-07	9.17e+02
1217	8.05e-07	9.14e+02
1218	8.06e-07	9.10e+02
1219	8.08e-07	9.07e+02
1220	8.09e-07	9.03e+02
1221	8.11e-07	9.00e+02
1222	8.13e-07	8.96e+02
1223	8.14e-07	8.93e+02
1224	8.16e-07	8.89e+02
1225	8.18e-07	8.86e+02
1226	8.19e-07	8.82e+02
1227	8.21e-07	8.79e+02
1228	8.22e-07	8.76e+02
1229	8.24e-07	8.73e+02
1230	8.26e-07	8.70e+02
1231	8.27e-07	8.66e+02
1232	8.29e-07	8.63e+02
1233	8.30e-07	8.60e+02
1234	8.32e-07	8.57e+02
1235	8.34e-07	8.54e+02
1236	8.35e-07	8.50e+02
1237	8.37e-07	8.47e+02
1238	8.39e-07	8.44e+02
1239	8.40e-07	8.41e+02
1240	8.42e-07	8.37e+02
1241	8.43e-07	8.34e+02
1242	8.45e-07	8.31e+02
1243	8.47e-07	8.28e+02
1244	8.48e-07	8.25e+02
1245	8.50e-07	8.22e+02
1246	8.52e-07	8.19e+02
1247	8.53e-07	8.17e+02
1248	8.55e-07	8.14e+02
1249	8.57e-07	8.11e+02
1250	8.58e-07	8.08e+02
1251	8.60e-07	8.05e+02
1252	8.62e-07	8.02e+02
1253	8.63e-07	7.99e+02
1254	8.65e-07	7.96e+02
1255	8.66e-07	7.93e+02
1256	8.68e-07	7.90e+02
1257	8.70e-07	7.87e+02
1258	8.71e-07	7.84e+02
1259	8.73e-07	7.81e+02
1260	8.75e-07	7.78e+02
1261	8.76e-07	7.76e+02
1262	8.78e-07	7.73e+02
1263	8.80e-07	7.71e+02
1264	8.81e-07	7.68e+02
1265	8.83e-07	7.65e+02
1266	8.85e-07	7.63e+02
1267	8.86e-07	7.60e+02
1268	8.88e-07	7.57e+02
1269	8.90e-07	7.54e+02
1270	8.91e-07	7.51e+02
1271	8.93e-07	7.49e+02
1272	8.95e-07	7.46e+02
1273	8.96e-07	7.43e+02
1274	8.98e-07	7.40e+02
1275	9.00e-07	7.38e+02
1276	9.01e-07	7.35e+02
1277	9.03e-07	7.33e+02
1278	9.05e-07	7.30e+02
1279	9.06e-07	7.28e+02
1280	9.08e-07	7.26e+02
1281	9.10e-07	7.23e+02
1282	9.11e-07	7.21e+02
1283	9.13e-07	7.18e+02
1284	9.15e-07	7.16e+02
1285	9.16e-07	7.13e+02
1286	9.18e-07	7.10e+02
1287	9.20e-07	7.08e+02
1288	9.21e-07	7.05e+02
1289	9.23e-07	7.03e+02
1290	9.25e-07	7.00e+02
1291	9.27e-07	6.98e+02
1292	9.28e-07	6.96e+02
1293	9.30e-07	6.93e+02
1294	9.32e-07	6.91e+02
1295	9.33e-07	6.89e+02
1296	9.35e-07	6.87e+02
1297	9.37e-07	6.84e+02
1298	9.38e-07	6.82e+02
1299	9.40e-07	6.80e+02
1300	9.42e-07	6.77e+02
1301	9.43e-07	6.75e+02
1302	9.45e-07	6.73e+02
1303	9.47e-07	6.70e+02
1304	9.49e-07	6.68e+02
1305	9.50e-07	6.66e+02
1306	9.52e-07	6.63e+02
1307	9.54e-07	6.61e+02
1308	9.55e-07	6.59e+02
1309	9.57e-07	6.57e+02
1310	9.59e-07	6.55e+02
1311	9.61e-07	6.53e+02
1312	9.62e-07	6.50e+02
1313	9.64e-07	6.48e+02
1314	9.66e-07	6.46e+02
1315	9.67e-07	6.44e+02
1316	9.69e-07	6.42e+02
1317	9.71e-07	6.40e+02
1318	9.73e-07	6.38e+02
1319	9.74e-07	6.36e+02
1320	9.76e-07	6.33e+02
1321	9.78e-07	6.31e+02
1322	9.80e-07	6.29e+02
1323	9.81e-07	6.27e+02
1324	9.83e-07	6.25e+02
1325	9.85e-07	6.23e+02
1326	9.86e-07	6.21e+02
1327	9.88e-07	6.19e+02
1328	9.90e-07	6.17e+02
1329	9.92e-07	6.15e+02
1330	9.93e-07	6.13e+02
1331	9.95e-07	6.11e+02
1332	9.97e-07	6.10e+02
1333	9.99e-07	6.08e+02
1334	1.00e-06	6.06e+02
1335	1.00e-06	6.04e+02
1336	1.00e-06	6.02e+02
1337	1.01e-06	5.99e+02
1338	1.01e-06	5.97e+02
1339	1.01e-06	5.96e+02
1340	1.01e-06	5.94e+02
1341	1.01e-06	5.92e+02
1342	1.01e-06	5.90e+02
1343	1.02e-06	5.88e+02
1344	1.02e-06	5.86e+02
1345	1.02e-06	5.85e+02
1346	1.02e-06	5.83e+02
1347	1.02e-06	5.81e+02
1348	1.03e-06	5.80e+02
1349	1.03e-06	5.78e+02
1350	1.03e-06	5.76e+02
1351	1.03e-06	5.74e+02
1352	1.03e-06	5.73e+02
1353	1.03e-06	5.71e+02
1354	1.04e-06	5.69e+02
1355	1.04e-06	5.67e+02
1356	1.04e-06	5.66e+02
1357	1.04e-06	5.64e+02
1358	1.04e-06	5.62e+02
1359	1.05e-06	5.61e+02
1360	1.05e-06	5.60e+02
1361	1.05e-06	5.58e+02
1362	1.05e-06	5.57e+02
1363	1.05e-06	5.56e+02
1364	1.05e-06	5.55e+02
1365	1.06e-06	5.54e+02
1366	1.06e-06	5.53e+02
1367	1.06e-06	5.52e+02
1368	1.06e-06	5.52e+02
1369	1.06e-06	5.51e+02
1370	1.07e-06	5.52e+02
1371	1.07e-06	5.52e+02
1372	1.07e-06	5.54e+02
1373	1.07e-06	5.56e+02
1374	1.08e-06	5.60e+02
1375	1.08e-06	5.66e+02
1376	1.08e-06	5.75e+02
1377	1.08e-06	5.89e+02
1378	1.08e-06	6.10e+02
1379	1.09e-06	6.41e+02
1380	1.09e-06	6.89e+02
1381	1.09e-06	7.64e+02
1382	1.09e-06	8.81e+02
1383	1.10e-06	1.07e+03
1384	1.10e-06	1.37e+03
1385	1.10e-06	1.85e+03
1386	1.11e-06	2.63e+03
1387	1.11e-06	3.86e+03
1388	1.11e-06	5.63e+03
1389	1.11e-06	7.48e+03
1390	1.12e-06	8.00e+03
1391	1.12e-06	6.34e+03
1392	1.12e-06	3.99e+03
1393	1.12e-06	2.41e+03
1394	1.12e-06	1.60e+03
1395	1.12e-06	1.19e+03
1396	1.13e-06	9.77e+02
1397	1.13e-06	8.52e+02
1398	1.13e-06	7.74e+02
1399	1.13e-06	7.21e+02
1400	1.13e-06	6.81e+02
1401	1.14e-06	6.49e+02
1402	1.14e-06	6.22e+02
1403	1.14e-06	5.99e+02
1404	1.14e-06	5.79e+02
1405	1.14e-06	5.61e+02
1406	1.15e-06	5.45e+02
1407	1.15e-06	5.31e+02
1408	1.15e-06	5.18e+02
1409	1.15e-06	5.07e+02
1410	1.15e-06	4.98e+02
1411	1.15e-06	4.89e+02
1412	1.16e-06	4.82e+02
1413	1.16e-06	4.75e+02
1414	1.16e-06	4.70e+02
1415	1.16e-06	4.65e+02
1416	1.16e-06	4.61e+02
1417	1.17e-06	4.57e+02
1418	1.17e-06	4.54e+02
1419	1.17e-06	4.52e+02
1420	1.17e-06	4.49e+02
1421	1.17e-06	4.47e+02
1422	1.17e-06	4.45e+02
1423	1.18e-06	4.44e+02
1424	1.18e-06	4.43e+02
1425	1.18e-06	4.41e+02
1426	1.18e-06	4.40e+02
1427	1.18e-06	4.39e+02
1428	1.19e-06	4.39e+02
1429	1.19e-06	4.38e+02
1430	1.19e-06	4.37e+02
1431	1.19e-06	4.37e+02
1432	1.19e-06	4.36e+02
1433	1.19e-06	4.35e+02
1434	1.20e-06	4.35e+02
1435	1.20e-06	4.34e+02
1436	1.20e-06	4.34e+02
1437	1.20e-06	4.33e+02
1438	1.20e-06	4.32e+02
1439	1.20e-06	4.32e+02
1440	1.20e-06	4.31e+02
1441	1.20e-06	4.30e+02
1442	1.20e-06	4.30e+02
1443	1.20e-06	4.29e+02
1444	1.21e-06	4.28e+02
1445	1.21e-06	4.27e+02
1446	1.21e-06	4.27e+02
1447	1.21e-06	4.26e+02
1448	1.21e-06	4.25e+02
1449	1.21e-06	4.24e+02
1450	1.21e-06	4.24e+02
1451	1.22e-06	4.23e+02
1452	1.22e-06	4.22e+02
1453	1.22e-06	4.21e+02
1454	1.22e-06	4.20e+02
1455	1.22e-06	4.20e+02
1456	1.22e-06	4.19e+02
1457	1.22e-06	4.18e+02
1458	1.23e-06	4.17e+02
1459	1.23e-06	4.16e+02
1460	1.23e-06	4.15e+02
1461	1.23e-06	4.14e+02
1462	1.23e-06	4.13e+02
1463	1.23e-06	4.12e+02
1464	1.24e-06	4.11e+02
1465	1.24e-06	4.10e+02
1466	1.24e-06	4.09e+02
1467	1.24e-06	4.08e+02
1468	1.24e-06	4.07e+02
1469	1.24e-06	4.06e+02
1470	1.25e-06	4.06e+02
1471	1.25e-06	4.05e+02
1472	1.25e-06	4.04e+02
1473	1.25e-06	4.03e+02
1474	1.25e-06	4.02e+02
1475	1.26e-06	4.01e+02
1476	1.26e-06	4.00e+02
1477	1.26e-06	3.99e+02
1478	1.26e-06	3.98e+02
1479	1.26e-06	3.97e+02
1480	1.26e-06	3.96e+02
1481	1.27e-06	3.95e+02
1482	1.27e-06	3.94e+02
1483	1.27e-06	3.93e+02
1484	1.27e-06	3.92e+02
1485	1.27e-06	3.91e+02
1486	1.28e-06	3.90e+02
1487	1.28e-06	3.89e+02
1488	1.28e-06	3.88e+02
1489	1.28e-06	3.87e+02
1490	1.28e-06	3.86e+02
1491	1.28e-06	3.85e+02
1492	1.29e-06	3.84e+02
1493	1.29e-06	3.83e+02
1494	1.29e-06	3.82e+02
1495	1.29e-06	3.81e+02
1496	1.29e-06	3.80e+02
1497	1.30e-06	3.79e+02
1498	1.30e-06	3.78e+02
1499	1.30e-06	3.77e+02
1500	1.30e-06	3.76e+02
1501	1.30e-06	3.76e+02
1502	1.31e-06	3.75e+02
1503	1.31e-06	3.74e+02
1504	1.31e-06	3.73e+02
1505	1.31e-06	3.72e+02
1506	1.31e-06	3.71e+02
1507	1.31e-06	3.70e+02
1508	1.32e-06	3.69e+02
1509	1.32e-06	3.69e+02
1510	1.32e-06	3.68e+02
1511	1.32e-06	3.67e+02
1512	1.32e-06	3.66e+02
1513	1.33e-06	3.65e+02
1514	1.33e-06	3.64e+02
1515	1.33e-06	3.63e+02
1516	1.33e-06	3.62e+02
1517	1.33e-06	3.61e+02
1518	1.34e-06	3.60e+02
1519	1.34e-06	3.59e+02
1520	1.34e-06	3.59e+02
1521	1.34e-06	3.58e+02
1522	1.34e-06	3.57e+02
1523	1.35e-06	3.56e+02
1524	1.35e-06	3.55e+02
1525	1.35e-06	3.55e+02
1526	1.35e-06	3.54e+02
1527	1.35e-06	3.53e+02
1528	1.35e-06	3.52e+02
1529	1.36e-06	3.51e+02
1530	1.36e-06	3.50e+02
1531	1.36e-06	3.50e+02
1532	1.36e-06	3.49e+02
1533	1.36e-06	3.48e+02
1534	1.37e-06	3.47e+02
1535	1.37e-06	3.46e+02
1536	1.37e-06	3.45e+02
1537	1.37e-06	3.44e+02
1538	1.37e-06	3.44e+02
1539	1.38e-06	3.43e+02
1540	1.38e-06	3.42e+02
1541	1.38e-06	3.41e+02
1542	1.38e-06	3.41e+02
1543	1.38e-06	3.40e+02
1544	1.39e-06	3.39e+02
1545	1.39e-06	3.38e+02
1546	1.39e-06	3.38e+02
1547	1.39e-06	3.37e+02
1548	1.39e-06	3.36e+02
1549	1.40e-06	3.35e+02
1550	1.40e-06	3.34e+02
1551	1.40e-06	3.34e+02
1552	1.40e-06	3.33e+02
1553	1.40e-06	3.32e+02
1554	1.41e-06	3.31e+02
1555	1.41e-06	3.30e+02
1556	1.41e-06	3.30e+02
1557	1.41e-06	3.29e+02
1558	1.41e-06	3.28e+02
1559	1.42e-06	3.27e+02
1560	1.42e-06	3.27e+02
1561	1.42e-06	3.26e+02
1562	1.42e-06	3.25e+02
1563	1.42e-06	3.25e+02
1564	1.43e-06	3.24e+02
1565	1.43e-06	3.23e+02
1566	1.43e-06	3.23e+02
1567	1.43e-06	3.22e+02
1568	1.43e-06	3.21e+02
1569	1.43e-06	3.20e+02
1570	1.44e-06	3.20e+02
1571	1.44e-06	3.19e+02
1572	1.44e-06	3.18e+02
1573	1.44e-06	3.17e+02
1574	1.44e-06	3.17e+02
1575	1.45e-06	3.16e+02
1576	1.45e-06	3.15e+02
1577	1.45e-06	3.15e+02
1578	1.45e-06	3.14e+02
1579	1.45e-06	3.13e+02
1580	1.46e-06	3.13e+02
1581	1.46e-06	3.12e+02
1582	1.46e-06	3.11e+02
1583	1.46e-06	3.11e+02
1584	1.46e-06	3.10e+02
1585	1.47e-06	3.09e+02
1586	1.47e-06	3.09e+02
1587	1.47e-06	3.08e+02
1588	1.47e-06	3.07e+02
1589	1.47e-06	3.07e+02
1590	1.48e-06	3.06e+02
1591	1.48e-06	3.05e+02
1592	1.48e-06	3.05e+02
1593	1.48e-06	3.04e+02
1594	1.48e-06	3.03e+02
1595	1.49e-06	3.03e+02
1596	1.49e-06	3.02e+02
1597	1.49e-06	3.01e+02
1598	1.49e-06	3.01e+02
1599	1.49e-06	3.00e+02
1600	1.50e-06	3.00e+02
1601	1.50e-06	2.99e+02
1602	1.50e-06	2.99e+02
1603	1.50e-06	2.98e+02
1604	1.50e-06	2.97e+02
1605	1.51e-06	2.97e+02
1606	1.51e-06	2.96e+02
1607	1.51e-06	2.95e+02
1608	1.51e-06	2.95e+02
1609	1.51e-06	2.94e+02
1610	1.52e-06	2.94e+02
1611	1.52e-06	2.93e+02
1612	1.52e-06	2.92e+02
1613	1.52e-06	2.92e+02
1614	1.52e-06	2.91e+02
1615	1.53e-06	2.90e+02
1616	1.53e-06	2.90e+02
1617	1.53e-06	2.89e+02
1618	1.53e-06	2.89e+02
1619	1.53e-06	2.88e+02
1620	1.54e-06	2.88e+02
1621	1.54e-06	2.87e+02
1622	1.54e-06	2.87e+02
1623	1.54e-06	2.86e+02
1624	1.55e-06	2.85e+02
1625	1.55e-06	2.85e+02
1626	1.55e-06	2.84e+02
1627	1.55e-06	2.84e+02
1628	1.55e-06	2.83e+02
1629	1.56e-06	2.83e+02
1630	1.56e-06	2.82e+02
1631	1.56e-06	2.81e+02
1632	1.56e-06	2.81e+02
1633	1.56e-06	2.80e+02
1634	1.57e-06	2.80e+02
1635	1.57e-06	2.79e+02
1636	1.57e-06	2.79e+02
1637	1.57e-06	2.78e+02
1638	1.57e-06	2.78e+02
1639	1.58e-06	2.77e+02
1640	1.58e-06	2.77e+02
1641	1.58e-06	2.76e+02
1642	1.58e-06	2.76e+02
1643	1.58e-06	2.75e+02
1644	1.59e-06	2.75e+02
1645	1.59e-06	2.74e+02
1646	1.59e-06	2.73e+02
1647	1.59e-06	2.73e+02
1648	1.59e-06	2.72e+02
1649	1.60e-06	2.72e+02
1650	1.60e-06	2.71e+02
1651	1.60e-06	2.71e+02
1652	1.60e-06	2.70e+02
1653	1.60e-06	2.70e+02
1654	1.61e-06	2.69e+02
1655	1.61e-06	2.69e+02
1656	1.61e-06	2.68e+02
1657	1.61e-06	2.68e+02
1658	1.61e-06	2.67e+02
1659	1.62e-06	2.67e+02
1660	1.62e-06	2.66e+02
1661	1.62e-06	2.66e+02
1662	1.62e-06	2.65e+02
1663	1.62e-06	2.65e+02
1664	1.63e-06	2.64e+02
1665	1.63e-06	2.64e+02
1666	1.63e-06	2.63e+02
1667	1.63e-06	2.63e+02
1668	1.64e-06	2.62e+02
1669	1.64e-06	2.62e+02
1670	1.64e-06	2.61e+02
1671	1.64e-06	2.61e+02
1672	1.64e-06	2.60e+02
1673	1.65e-06	2.60e+02
1674	1.65e-06	2.59e+02
1675	1.65e-06	2.59e+02
1676	1.65e-06	2.59e+02
1677	1.65e-06	2.58e+02
1678	1.66e-06	2.58e+02
1679	1.66e-06	2.57e+02
1680	1.66e-06	2.57e+02
1681	1.66e-06	2.56e+02
1682	1.66e-06	2.56e+02
1683	1.67e-06	2.55e+02
1684	1.67e-06	2.55e+02
1685	1.67e-06	2.55e+02
1686	1.67e-06	2.54e+02
1687	1.67e-06	2.54e+02
1688	1.68e-06	2.53e+02
1689	1.68e-06	2.53e+02
1690	1.68e-06	2.52e+02
1691	1.68e-06	2.52e+02
1692	1.69e-06	2.51e+02
1693	1.69e-06	2.51e+02
1694	1.69e-06	2.50e+02
1695	1.69e-06	2.50e+02
1696	1.69e-06	2.50e+02
1697	1.70e-06	2.49e+02
1698	1.70e-06	2.49e+02
1699	1.70e-06	2.48e+02
1700	1.70e-06	2.48e+02
1701	1.70e-06	2.48e+02
1702	1.71e-06	2.47e+02
1703	1.71e-06	2.47e+02
1704	1.71e-06	2.46e+02
1705	1.71e-06	2.46e+02
1706	1.71e-06	2.46e+02
1707	1.72e-06	2.45e+02
1708	1.72e-06	2.45e+02
1709	1.72e-06	2.44e+02
1710	1.72e-06	2.44e+02
1711	1.73e-06	2.43e+02
1712	1.73e-06	2.43e+02
1713	1.73e-06	2.43e+02
1714	1.73e-06	2.42e+02
1715	1.73e-06	2.42e+02
1716	1.74e-06	2.41e+02
1717	1.74e-06	2.41e+02
1718	1.74e-06	2.41e+02
1719	1.74e-06	2.40e+02
1720	1.74e-06	2.40e+02
1721	1.75e-06	2.40e+02
1722	1.75e-06	2.39e+02
1723	1.75e-06	2.39e+02
1724	1.75e-06	2.38e+02
1725	1.76e-06	2.38e+02
1726	1.76e-06	2.38e+02
1727	1.76e-06	2.37e+02
1728	1.76e-06	2.37e+02
1729	1.76e-06	2.36e+02
1730	1.77e-06	2.36e+02
1731	1.77e-06	2.36e+02
1732	1.77e-06	2.35e+02
1733	1.77e-06	2.35e+02
1734	1.77e-06	2.34e+02
1735	1.78e-06	2.34e+02
1736	1.78e-06	2.34e+02
1737	1.78e-06	2.33e+02
1738	1.78e-06	2.33e+02
1739	1.79e-06	2.33e+02
1740	1.79e-06	2.32e+02
1741	1.79e-06	2.32e+02
1742	1.79e-06	2.32e+02
1743	1.79e-06	2.31e+02
1744	1.80e-06	2.31e+02
1745	1.80e-06	2.31e+02
1746	1.80e-06	2.30e+02
1747	1.80e-06	2.30e+02
1748	1.80e-06	2.30e+02
1749	1.81e-06	2.29e+02
1750	1.81e-06	2.29e+02
1751	1.81e-06	2.28e+02
1752	1.81e-06	2.28e+02
1753	1.82e-06	2.28e+02
1754	1.82e-06	2.27e+02
1755	1.82e-06	2.27e+02
1756	1.82e-06	2.27e+02
1757	1.82e-06	2.26e+02
1758	1.83e-06	2.26e+02
1759	1.83e-06	2.26e+02
1760	1.83e-06	2.25e+02
1761	1.83e-06	2.25e+02
1762	1.83e-06	2.25e+02
1763	1.84e-06	2.24e+02
1764	1.84e-06	2.24e+02
1765	1.84e-06	2.24e+02
1766	1.84e-06	2.23e+02
1767	1.85e-06	2.23e+02
1768	1.85e-06	2.23e+02
1769	1.85e-06	2.22e+02
1770	1.85e-06	2.22e+02
1771	1.85e-06	2.22e+02
1772	1.86e-06	2.21e+02
1773	1.86e-06	2.21e+02
1774	1.86e-06	2.21e+02
1775	1.86e-06	2.20e+02
1776	1.87e-06	2.20e+02
1777	1.87e-06	2.20e+02
1778	1.87e-06	2.20e+02
1779	1.87e-06	2.19e+02
1780	1.87e-06	2.19e+02
1781	1.88e-06	2.19e+02
1782	1.88e-06	2.18e+02
1783	1.88e-06	2.18e+02
1784	1.88e-06	2.18e+02
1785	1.89e-06	2.17e+02
1786	1.89e-06	2.17e+02
1787	1.89e-06	2.17e+02
1788	1.89e-06	2.17e+02
1789	1.89e-06	2.16e+02
1790	1.90e-06	2.16e+02
1791	1.90e-06	2.16e+02
1792	1.90e-06	2.15e+02
1793	1.90e-06	2.15e+02
1794	1.90e-06	2.15e+02
1795	1.91e-06	2.14e+02
1796	1.91e-06	2.14e+02
1797	1.91e-06	2.14e+02
1798	1.91e-06	2.14e+02
1799	1.92e-06	2.13e+02
1800	1.92e-06	2.13e+02
1801	1.92e-06	2.13e+02
1802	1.92e-06	2.12e+02
1803	1.92e-06	2.12e+02
1804	1.93e-06	2.12e+02
1805	1.93e-06	2.12e+02
1806	1.93e-06	2.11e+02
1807	1.93e-06	2.11e+02
1808	1.94e-06	2.11e+02
1809	1.94e-06	2.11e+02
1810	1.94e-06	2.10e+02
1811	1.94e-06	2.10e+02
1812	1.94e-06	2.10e+02
1813	1.95e-06	2.09e+02
1814	1.95e-06	2.09e+02
1815	1.95e-06	2.09e+02
1816	1.95e-06	2.09e+02
1817	1.96e-06	2.08e+02
1818	1.96e-06	2.08e+02
1819	1.96e-06	2.08e+02
1820	1.96e-06	2.08e+02
1821	1.97e-06	2.07e+02
1822	1.97e-06	2.07e+02
1823	1.97e-06	2.07e+02
1824	1.97e-06	2.07e+02
1825	1.97e-06	2.06e+02
1826	1.98e-06	2.06e+02
1827	1.98e-06	2.06e+02
1828	1.98e-06	2.06e+02
1829	1.98e-06	2.05e+02
1830	1.99e-06	2.05e+02
1831	1.99e-06	2.05e+02
1832	1.99e-06	2.05e+02
1833	1.99e-06	2.04e+02
1834	2.00e-06	2.04e+02
1835	2.00e-06	2.04e+02
1836	2.00e-06	2.04e+02
1837	2.00e-06	2.04e+02
1838	2.00e-06	2.03e+02
1839	2.01e-06	2.03e+02
1840	2.01e-06	2.03e+02
1841	2.01e-06	2.03e+02
1842	2.01e-06	2.03e+02
1843	2.02e-06	2.03e+02
1844	2.02e-06	2.03e+02
1845	2.02e-06	2.03e+02
1846	2.02e-06	2.03e+02
1847	2.03e-06	2.03e+02
1848	2.03e-06	2.03e+02
1849	2.03e-06	2.03e+02
1850	2.03e-06	2.03e+02
1851	2.04e-06	2.03e+02
1852	2.04e-06	2.04e+02
1853	2.04e-06	2.05e+02
1854	2.05e-06	2.06e+02
1855	2.05e-06	2.08e+02
1856	2.05e-06	2.10e+02
1857	2.05e-06	2.13e+02
1858	2.06e-06	2.18e+02
1859	2.06e-06	2.25e+02
1860	2.06e-06	2.36e+02
1861	2.07e-06	2.52e+02
1862	2.07e-06	2.77e+02
1863	2.07e-06	3.16e+02
1864	2.08e-06	3.77e+02
1865	2.08e-06	4.76e+02
1866	2.09e-06	6.34e+02
1867	2.09e-06	8.89e+02
1868	2.09e-06	1.30e+03
1869	2.10e-06	1.91e+03
1870	2.10e-06	2.66e+03
1871	2.10e-06	3.11e+03
1872	2.10e-06	2.74e+03
1873	2.10e-06	1.84e+03
1874	2.11e-06	1.11e+03
1875	2.11e-06	7.11e+02
1876	2.11e-06	5.12e+02
1877	2.11e-06	4.07e+02
1878	2.12e-06	3.47e+02
1879	2.12e-06	3.11e+02
1880	2.12e-06	2.88e+02
1881	2.12e-06	2.72e+02
1882	2.13e-06	2.60e+02
1883	2.13e-06	2.51e+02
1884	2.13e-06	2.43e+02
1885	2.13e-06	2.36e+02
1886	2.13e-06	2.31e+02
1887	2.14e-06	2.25e+02
1888	2.14e-06	2.20e+02
1889	2.14e-06	2.16e+02
1890	2.14e-06	2.12e+02
1891	2.15e-06	2.09e+02
1892	2.15e-06	2.06e+02
1893	2.15e-06	2.03e+02
1894	2.15e-06	2.00e+02
1895	2.16e-06	1.98e+02
1896	2.16e-06	1.96e+02
1897	2.16e-06	1.94e+02
1898	2.16e-06	1.93e+02
1899	2.16e-06	1.91e+02
1900	2.17e-06	1.90e+02
1901	2.17e-06	1.89e+02
1902	2.17e-06	1.88e+02
1903	2.17e-06	1.87e+02
1904	2.18e-06	1.87e+02
1905	2.18e-06	1.86e+02
1906	2.18e-06	1.86e+02
1907	2.18e-06	1.85e+02
1908	2.19e-06	1.85e+02
1909	2.19e-06	1.84e+02
1910	2.19e-06	1.84e+02
1911	2.19e-06	1.84e+02
1912	2.19e-06	1.84e+02
1913	2.20e-06	1.83e+02
1914	2.20e-06	1.83e+02
1915	2.20e-06	1.83e+02
1916	2.20e-06	1.83e+02
1917	2.21e-06	1.83e+02
1918	2.21e-06	1.83e+02
1919	2.21e-06	1.83e+02
1920	2.21e-06	1.82e+02
1921	2.22e-06	1.82e+02
1922	2.22e-06	1.82e+02
1923	2.22e-06	1.82e+02
1924	2.22e-06	1.82e+02
1925	2.22e-06	1.82e+02
1926	2.23e-06	1.82e+02
1927	2.23e-06	1.82e+02
1928	2.23e-06	1.82e+02
1929	2.23e-06	1.82e+02
1930	2.23e-06	1.82e+02
1931	2.23e-06	1.82e+02
1932	2.23e-06	1.81e+02
1933	2.23e-06	1.81e+02
1934	2.24e-06	1.81e+02
1935	2.24e-06	1.81e+02
1936	2.24e-06	1.81e+02
1937	2.24e-06	1.81e+02
1938	2.24e-06	1.81e+02
1939	2.24e-06	1.81e+02
1940	2.25e-06	1.81e+02
1941	2.25e-06	1.81e+02
1942	2.25e-06	1.81e+02
1943	2.25e-06	1.80e+02
1944	2.25e-06	1.80e+02
1945	2.25e-06	1.80e+02
1946	2.26e-06	1.80e+02
1947	2.26e-06	1.80e+02
1948	2.26e-06	1.80e+02
1949	2.26e-06	1.80e+02
1950	2.26e-06	1.80e+02
1951	2.27e-06	1.79e+02
1952	2.27e-06	1.79e+02
1953	2.27e-06	1.79e+02
1954	2.27e-06	1.79e+02
1955	2.27e-06	1.79e+02
1956	2.28e-06	1.79e+02
1957	2.28e-06	1.79e+02
1958	2.28e-06	1.79e+02
1959	2.28e-06	1.78e+02
1960	2.28e-06	1.78e+02
1961	2.29e-06	1.78e+02
1962	2.29e-06	1.78e+02
1963	2.29e-06	1.78e+02
1964	2.29e-06	1.78e+02
1965	2.30e-06	1.78e+02
1966	2.30e-06	1.77e+02
1967	2.30e-06	1.77e+02
1968	2.30e-06	1.77e+02
1969	2.30e-06	1.77e+02
1970	2.31e-06	1.77e+02
1971	2.31e-06	1.77e+02
1972	2.31e-06	1.77e+02
1973	2.31e-06	1.77e+02
1974	2.32e-06	1.76e+02
1975	2.32e-06	1.76e+02
1976	2.32e-06	1.76e+02
1977	2.32e-06	1.76e+02
1978	2.32e-06	1.76e+02
1979	2.33e-06	1.76e+02
1980	2.33e-06	1.76e+02
1981	2.33e-06	1.75e+02
1982	2.33e-06	1.75e+02
1983	2.34e-06	1.75e+02
1984	2.34e-06	1.75e+02
1985	2.34e-06	1.75e+02
1986	2.34e-06	1.75e+02
1987	2.35e-06	1.75e+02
1988	2.35e-06	1.74e+02
1989	2.35e-06	1.74e+02
1990	2.35e-06	1.74e+02
1991	2.35e-06	1.74e+02
1992	2.36e-06	1.74e+02
1993	2.36e-06	1.74e+02
1994	2.36e-06	1.74e+02
1995	2.36e-06	1.74e+02
1996	2.37e-06	1.73e+02
1997	2.37e-06	1.73e+02
1998	2.37e-06	1.73e+02
1999	2.37e-06	1.73e+02
2000	2.38e-06	1.73e+02
2001	2.38e-06	1.73e+02
2002	2.38e-06	1.73e+02
2003	2.38e-06	1.73e+02
2004	2.39e-06	1.72e+02
2005	2.39e-06	1.72e+02
2006	2.39e-06	1.72e+02
2007	2.39e-06	1.72e+02
2008	2.39e-06	1.72e+02
2009	2.40e-06	1.72e+02
2010	2.40e-06	1.72e+02
2011	2.40e-06	1.71e+02
2012	2.40e-06	1.71e+02
2013	2.41e-06	1.71e+02
2014	2.41e-06	1.71e+02
2015	2.41e-06	1.71e+02
2016	2.41e-06	1.71e+02
2017	2.42e-06	1.71e+02
2018	2.42e-06	1.71e+02
2019	2.42e-06	1.70e+02
2020	2.42e-06	1.70e+02
2021	2.43e-06	1.70e+02
2022	2.43e-06	1.70e+02
2023	2.43e-06	1.70e+02
2024	2.43e-06	1.70e+02
2025	2.44e-06	1.70e+02
2026	2.44e-06	1.70e+02
2027	2.44e-06	1.69e+02
2028	2.44e-06	1.69e+02
2029	2.45e-06	1.69e+02
2030	2.45e-06	1.69e+02
2031	2.45e-06	1.69e+02
2032	2.45e-06	1.69e+02
2033	2.45e-06	1.69e+02
2034	2.46e-06	1.69e+02
2035	2.46e-06	1.68e+02
2036	2.46e-06	1.68e+02
2037	2.46e-06	1.68e+02
2038	2.47e-06	1.68e+02
2039	2.47e-06	1.68e+02
2040	2.47e-06	1.68e+02
2041	2.47e-06	1.68e+02
2042	2.48e-06	1.68e+02
2043	2.48e-06	1.68e+02
2044	2.48e-06	1.67e+02
2045	2.48e-06	1.67e+02
2046	2.49e-06	1.67e+02
2047	2.49e-06	1.67e+02
2048	2.49e-06	1.67e+02
2049	2.49e-06	1.67e+02
2050	2.50e-06	1.67e+02
2051	2.50e-06	1.67e+02
2052	2.50e-06	1.67e+02
2053	2.50e-06	1.66e+02
2054	2.51e-06	1.66e+02
2055	2.51e-06	1.66e+02
2056	2.51e-06	1.66e+02
2057	2.51e-06	1.66e+02
2058	2.52e-06	1.66e+02
2059	2.52e-06	1.66e+02
2060	2.52e-06	1.66e+02
2061	2.52e-06	1.66e+02
2062	2.53e-06	1.65e+02
2063	2.53e-06	1.65e+02
2064	2.53e-06	1.65e+02
2065	2.53e-06	1.65e+02
2066	2.53e-06	1.65e+02
2067	2.54e-06	1.65e+02
2068	2.54e-06	1.65e+02
2069	2.54e-06	1.65e+02
2070	2.54e-06	1.65e+02
2071	2.55e-06	1.65e+02
2072	2.55e-06	1.64e+02
2073	2.55e-06	1.64e+02
2074	2.55e-06	1.64e+02
2075	2.56e-06	1.64e+02
2076	2.56e-06	1.64e+02
2077	2.56e-06	1.64e+02
2078	2.56e-06	1.64e+02
2079	2.57e-06	1.64e+02
2080	2.57e-06	1.64e+02
2081	2.57e-06	1.63e+02
2082	2.57e-06	1.63e+02
2083	2.58e-06	1.63e+02
2084	2.58e-06	1.63e+02
2085	2.58e-06	1.63e+02
2086	2.58e-06	1.63e+02
2087	2.59e-06	1.63e+02
2088	2.59e-06	1.63e+02
2089	2.59e-06	1.63e+02
2090	2.59e-06	1.63e+02
2091	2.60e-06	1.63e+02
2092	2.60e-06	1.62e+02
2093	2.60e-06	1.62e+02
2094	2.60e-06	1.62e+02
2095	2.61e-06	1.62e+02
2096	2.61e-06	1.62e+02
2097	2.61e-06	1.62e+02
2098	2.61e-06	1.62e+02
2099	2.62e-06	1.62e+02
2100	2.62e-06	1.62e+02
2101	2.62e-06	1.62e+02
2102	2.62e-06	1.61e+02
2103	2.63e-06	1.61e+02
2104	2.63e-06	1.61e+02
2105	2.63e-06	1.61e+02
2106	2.63e-06	1.61e+02
2107	2.64e-06	1.61e+02
2108	2.64e-06	1.61e+02
2109	2.64e-06	1.61e+02
2110	2.64e-06	1.61e+02
2111	2.65e-06	1.61e+02
2112	2.65e-06	1.61e+02
2113	2.65e-06	1.60e+02
2114	2.65e-06	1.60e+02
2115	2.66e-06	1.60e+02
2116	2.66e-06	1.60e+02
2117	2.66e-06	1.60e+02
2118	2.66e-06	1.60e+02
2119	2.67e-06	1.60e+02
2120	2.67e-06	1.60e+02
2121	2.67e-06	1.60e+02
2122	2.67e-06	1.60e+02
2123	2.68e-06	1.60e+02
2124	2.68e-06	1.59e+02
2125	2.68e-06	1.59e+02
2126	2.68e-06	1.59e+02
2127	2.69e-06	1.59e+02
2128	2.69e-06	1.59e+02
2129	2.69e-06	1.59e+02
2130	2.69e-06	1.59e+02
2131	2.70e-06	1.59e+02
2132	2.70e-06	1.59e+02
2133	2.70e-06	1.59e+02
2134	2.70e-06	1.59e+02
2135	2.71e-06	1.59e+02
2136	2.71e-06	1.58e+02
2137	2.71e-06	1.58e+02
2138	2.71e-06	1.58e+02
2139	2.72e-06	1.58e+02
2140	2.72e-06	1.58e+02
2141	2.72e-06	1.58e+02
2142	2.72e-06	1.58e+02
2143	2.73e-06	1.58e+02
2144	2.73e-06	1.58e+02
2145	2.73e-06	1.58e+02
2146	2.73e-06	1.58e+02
2147	2.74e-06	1.58e+02
2148	2.74e-06	1.58e+02
2149	2.74e-06	1.57e+02
2150	2.74e-06	1.57e+02
2151	2.75e-06	1.57e+02
2152	2.75e-06	1.57e+02
2153	2.75e-06	1.57e+02
2154	2.75e-06	1.57e+02
2155	2.76e-06	1.57e+02
2156	2.76e-06	1.57e+02
2157	2.76e-06	1.57e+02
2158	2.76e-06	1.57e+02
2159	2.77e-06	1.57e+02
2160	2.77e-06	1.57e+02
2161	2.77e-06	1.57e+02
2162	2.77e-06	1.56e+02
2163	2.78e-06	1.56e+02
2164	2.78e-06	1.56e+02
2165	2.78e-06	1.56e+02
2166	2.78e-06	1.56e+02
2167	2.79e-06	1.56e+02
2168	2.79e-06	1.56e+02
2169	2.79e-06	1.56e+02
2170	2.79e-06	1.56e+02
2171	2.80e-06	1.56e+02
2172	2.80e-06	1.56e+02
2173	2.80e-06	1.56e+02
2174	2.80e-06	1.56e+02
2175	2.81e-06	1.55e+02
2176	2.81e-06	1.55e+02
2177	2.81e-06	1.55e+02
2178	2.82e-06	1.55e+02
2179	2.82e-06	1.55e+02
2180	2.82e-06	1.55e+02
2181	2.82e-06	1.55e+02
2182	2.83e-06	1.55e+02
2183	2.83e-06	1.55e+02
2184	2.83e-06	1.55e+02
2185	2.83e-06	1.55e+02
2186	2.84e-06	1.55e+02
2187	2.84e-06	1.55e+02
2188	2.84e-06	1.55e+02
2189	2.84e-06	1.55e+02
2190	2.85e-06	1.54e+02
2191	2.85e-06	1.54e+02
2192	2.85e-06	1.54e+02
2193	2.85e-06	1.54e+02
2194	2.86e-06	1.54e+02
2195	2.86e-06	1.54e+02
2196	2.86e-06	1.54e+02
2197	2.86e-06	1.54e+02
2198	2.87e-06	1.54e+02
2199	2.87e-06	1.54e+02
2200	2.87e-06	1.54e+02
2201	2.87e-06	1.54e+02
2202	2.88e-06	1.54e+02
2203	2.88e-06	1.54e+02
2204	2.88e-06	1.54e+02
2205	2.88e-06	1.53e+02
2206	2.89e-06	1.53e+02
2207	2.89e-06	1.53e+02
2208	2.89e-06	1.53e+02
2209	2.90e-06	1.53e+02
2210	2.90e-06	1.53e+02
2211	2.90e-06	1.53e+02
2212	2.90e-06	1.53e+02
2213	2.91e-06	1.53e+02
2214	2.91e-06	1.53e+02
2215	2.91e-06	1.53e+02
2216	2.91e-06	1.53e+02
2217	2.92e-06	1.53e+02
2218	2.92e-06	1.53e+02
2219	2.92e-06	1.53e+02
2220	2.92e-06	1.53e+02
2221	2.93e-06	1.52e+02
2222	2.93e-06	1.52e+02
2223	2.93e-06	1.52e+02
2224	2.93e-06	1.52e+02
2225	2.94e-06	1.52e+02
2226	2.94e-06	1.52e+02
2227	2.94e-06	1.52e+02
2228	2.95e-06	1.52e+02
2229	2.95e-06	1.52e+02
2230	2.95e-06	1.52e+02
2231	2.95e-06	1.52e+02
2232	2.96e-06	1.52e+02
2233	2.96e-06	1.52e+02
2234	2.96e-06	1.52e+02
2235	2.96e-06	1.52e+02
2236	2.97e-06	1.52e+02
2237	2.97e-06	1.52e+02
2238	2.97e-06	1.52e+02
2239	2.97e-06	1.51e+02
2240	2.98e-06	1.51e+02
2241	2.98e-06	1.51e+02
2242	2.98e-06	1.51e+02
2243	2.99e-06	1.51e+02
2244	2.99e-06	1.51e+02
2245	2.99e-06	1.51e+02
2246	2.99e-06	1.51e+02
2247	3.00e-06	1.51e+02
2248	3.00e-06	1.51e+02
2249	3.00e-06	1.51e+02
2250	3.01e-06	1.51e+02
2251	3.01e-06	1.51e+02
2252	3.01e-06	1.51e+02
2253	3.01e-06	1.51e+02
2254	3.02e-06	1.51e+02
2255	3.02e-06	1.51e+02
2256	3.02e-06	1.51e+02
2257	3.03e-06	1.51e+02
2258	3.03e-06	1.51e+02
2259	3.03e-06	1.51e+02
2260	3.04e-06	1.51e+02
2261	3.04e-06	1.52e+02
2262	3.04e-06	1.52e+02
2263	3.05e-06	1.52e+02
2264	3.05e-06	1.53e+02
2265	3.05e-06	1.54e+02
2266	3.06e-06	1.55e+02
2267	3.06e-06	1.56e+02
2268	3.06e-06	1.58e+02
2269	3.07e-06	1.61e+02
2270	3.07e-06	1.66e+02
2271	3.07e-06	1.74e+02
2272	3.08e-06	1.86e+02
2273	3.08e-06	2.05e+02
2274	3.09e-06	2.37e+02
2275	3.09e-06	2.90e+02
2276	3.10e-06	3.78e+02
2277	3.10e-06	5.24e+02
2278	3.10e-06	7.60e+02
2279	3.11e-06	1.11e+03
2280	3.11e-06	1.52e+03
2281	3.11e-06	1.72e+03
2282	3.11e-06	1.46e+03
2283	3.12e-06	9.64e+02
2284	3.12e-06	5.89e+02
2285	3.12e-06	3.92e+02
2286	3.13e-06	2.95e+02
2287	3.13e-06	2.44e+02
2288	3.13e-06	2.15e+02
2289	3.13e-06	1.98e+02
2290	3.14e-06	1.88e+02
2291	3.14e-06	1.81e+02
2292	3.14e-06	1.76e+02
2293	3.14e-06	1.72e+02
2294	3.15e-06	1.69e+02
2295	3.15e-06	1.66e+02
2296	3.15e-06	1.64e+02
2297	3.16e-06	1.62e+02
2298	3.16e-06	1.61e+02
2299	3.16e-06	1.59e+02
2300	3.16e-06	1.58e+02
2301	3.17e-06	1.56e+02
2302	3.17e-06	1.55e+02
2303	3.17e-06	1.54e+02
2304	3.17e-06	1.53e+02
2305	3.18e-06	1.53e+02
2306	3.18e-06	1.52e+02
2307	3.18e-06	1.51e+02
2308	3.18e-06	1.51e+02
2309	3.19e-06	1.50e+02
2310	3.19e-06	1.50e+02
2311	3.19e-06	1.49e+02
2312	3.20e-06	1.49e+02
2313	3.20e-06	1.48e+02
2314	3.20e-06	1.48e+02
2315	3.20e-06	1.48e+02
2316	3.21e-06	1.48e+02
2317	3.21e-06	1.47e+02
2318	3.21e-06	1.47e+02
2319	3.21e-06	1.47e+02
2320	3.22e-06	1.47e+02
2321	3.22e-06	1.47e+02
2322	3.22e-06	1.47e+02
2323	3.23e-06	1.46e+02
2324	3.23e-06	1.46e+02
2325	3.23e-06	1.46e+02
2326	3.23e-06	1.46e+02
2327	3.24e-06	1.46e+02
2328	3.24e-06	1.46e+02
2329	3.24e-06	1.46e+02
2330	3.24e-06	1.46e+02
2331	3.25e-06	1.46e+02
2332	3.25e-06	1.46e+02
2333	3.25e-06	1.46e+02
2334	3.26e-06	1.46e+02
2335	3.26e-06	1.46e+02
2336	3.26e-06	1.46e+02
2337	3.26e-06	1.46e+02
2338	3.27e-06	1.46e+02
2339	3.27e-06	1.46e+02
2340	3.27e-06	1.46e+02
2341	3.27e-06	1.46e+02
2342	3.28e-06	1.46e+02
2343	3.28e-06	1.46e+02
2344	3.28e-06	1.46e+02
2345	3.28e-06	1.46e+02
2346	3.28e-06	1.46e+02
2347	3.29e-06	1.46e+02
2348	3.29e-06	1.46e+02
2349	3.29e-06	1.45e+02
2350	3.29e-06	1.45e+02
2351	3.29e-06	1.45e+02
2352	3.29e-06	1.45e+02
2353	3.30e-06	1.45e+02
2354	3.30e-06	1.45e+02
2355	3.30e-06	1.45e+02
2356	3.30e-06	1.45e+02
2357	3.30e-06	1.45e+02
2358	3.30e-06	1.45e+02
2359	3.31e-06	1.45e+02
2360	3.31e-06	1.45e+02
2361	3.31e-06	1.45e+02
2362	3.31e-06	1.45e+02
2363	3.31e-06	1.45e+02
2364	3.32e-06	1.45e+02
2365	3.32e-06	1.45e+02
2366	3.32e-06	1.45e+02
2367	3.32e-06	1.45e+02
2368	3.32e-06	1.45e+02
2369	3.33e-06	1.45e+02
2370	3.33e-06	1.45e+02
2371	3.33e-06	1.45e+02
2372	3.33e-06	1.45e+02
2373	3.34e-06	1.45e+02
2374	3.34e-06	1.45e+02
2375	3.34e-06	1.45e+02
2376	3.34e-06	1.45e+02
2377	3.34e-06	1.45e+02
2378	3.35e-06	1.45e+02
2379	3.35e-06	1.45e+02
2380	3.35e-06	1.45e+02
2381	3.35e-06	1.45e+02
2382	3.36e-06	1.45e+02
2383	3.36e-06	1.45e+02
2384	3.36e-06	1.45e+02
2385	3.36e-06	1.45e+02
2386	3.37e-06	1.45e+02
2387	3.37e-06	1.44e+02
2388	3.37e-06	1.44e+02
2389	3.37e-06	1.44e+02
2390	3.38e-06	1.44e+02
2391	3.38e-06	1.44e+02
2392	3.38e-06	1.44e+02
2393	3.38e-06	1.44e+02
2394	3.39e-06	1.44e+02
2395	3.39e-06	1.44e+02
2396	3.39e-06	1.44e+02
2397	3.40e-06	1.44e+02
2398	3.40e-06	1.44e+02
2399	3.40e-06	1.44e+02
2400	3.40e-06	1.44e+02
2401	3.41e-06	1.44e+02
2402	3.41e-06	1.44e+02
2403	3.41e-06	1.44e+02
2404	3.41e-06	1.44e+02
2405	3.42e-06	1.44e+02
2406	3.42e-06	1.44e+02
2407	3.42e-06	1.44e+02
2408	3.42e-06	1.44e+02
2409	3.43e-06	1.44e+02
2410	3.43e-06	1.44e+02
2411	3.43e-06	1.44e+02
2412	3.44e-06	1.44e+02
2413	3.44e-06	1.44e+02
2414	3.44e-06	1.44e+02
2415	3.44e-06	1.44e+02
2416	3.45e-06	1.43e+02
2417	3.45e-06	1.43e+02
2418	3.45e-06	1.43e+02
2419	3.45e-06	1.43e+02
2420	3.46e-06	1.43e+02
2421	3.46e-06	1.43e+02
2422	3.46e-06	1.43e+02
2423	3.46e-06	1.43e+02
2424	3.47e-06	1.43e+02
2425	3.47e-06	1.43e+02
2426	3.47e-06	1.43e+02
2427	3.48e-06	1.43e+02
2428	3.48e-06	1.43e+02
2429	3.48e-06	1.43e+02
2430	3.48e-06	1.43e+02
2431	3.49e-06	1.43e+02
2432	3.49e-06	1.43e+02
2433	3.49e-06	1.43e+02
2434	3.50e-06	1.43e+02
2435	3.50e-06	1.43e+02
2436	3.50e-06	1.43e+02
2437	3.50e-06	1.43e+02
2438	3.51e-06	1.43e+02
2439	3.51e-06	1.43e+02
2440	3.51e-06	1.43e+02
2441	3.51e-06	1.43e+02
2442	3.52e-06	1.43e+02
2443	3.52e-06	1.43e+02
2444	3.52e-06	1.43e+02
2445	3.53e-06	1.43e+02
2446	3.53e-06	1.43e+02
2447	3.53e-06	1.42e+02
2448	3.53e-06	1.42e+02
2449	3.54e-06	1.42e+02
2450	3.54e-06	1.42e+02
2451	3.54e-06	1.42e+02
2452	3.55e-06	1.42e+02
2453	3.55e-06	1.42e+02
2454	3.55e-06	1.42e+02
2455	3.55e-06	1.42e+02
2456	3.56e-06	1.42e+02
2457	3.56e-06	1.42e+02
2458	3.56e-06	1.42e+02
2459	3.56e-06	1.42e+02
2460	3.57e-06	1.42e+02
2461	3.57e-06	1.42e+02
2462	3.57e-06	1.42e+02
2463	3.58e-06	1.42e+02
2464	3.58e-06	1.42e+02
2465	3.58e-06	1.42e+02
2466	3.58e-06	1.42e+02
2467	3.59e-06	1.42e+02
2468	3.59e-06	1.42e+02
2469	3.59e-06	1.42e+02
2470	3.60e-06	1.42e+02
2471	3.60e-06	1.42e+02
2472	3.60e-06	1.42e+02
2473	3.60e-06	1.42e+02
2474	3.61e-06	1.42e+02
2475	3.61e-06	1.42e+02
2476	3.61e-06	1.42e+02
2477	3.62e-06	1.42e+02
2478	3.62e-06	1.42e+02
2479	3.62e-06	1.41e+02
2480	3.62e-06	1.41e+02
2481	3.63e-06	1.41e+02
2482	3.63e-06	1.41e+02
2483	3.63e-06	1.41e+02
2484	3.64e-06	1.41e+02
2485	3.64e-06	1.41e+02
2486	3.64e-06	1.41e+02
2487	3.64e-06	1.41e+02
2488	3.65e-06	1.41e+02
2489	3.65e-06	1.41e+02
2490	3.65e-06	1.41e+02
2491	3.66e-06	1.41e+02
2492	3.66e-06	1.41e+02
2493	3.66e-06	1.41e+02
2494	3.66e-06	1.41e+02
2495	3.67e-06	1.41e+02
2496	3.67e-06	1.41e+02
2497	3.67e-06	1.41e+02
2498	3.68e-06	1.41e+02
2499	3.68e-06	1.41e+02
2500	3.68e-06	1.41e+02
2501	3.68e-06	1.41e+02
2502	3.69e-06	1.41e+02
2503	3.69e-06	1.41e+02
2504	3.69e-06	1.41e+02
2505	3.70e-06	1.41e+02
2506	3.70e-06	1.41e+02
2507	3.70e-06	1.41e+02
2508	3.70e-06	1.41e+02
2509	3.71e-06	1.41e+02
2510	3.71e-06	1.41e+02
2511	3.71e-06	1.41e+02
2512	3.72e-06	1.41e+02
2513	3.72e-06	1.41e+02
2514	3.72e-06	1.41e+02
2515	3.73e-06	1.40e+02
2516	3.73e-06	1.40e+02
2517	3.73e-06	1.40e+02
2518	3.73e-06	1.40e+02
2519	3.74e-06	1.40e+02
2520	3.74e-06	1.40e+02
2521	3.74e-06	1.40e+02
2522	3.75e-06	1.40e+02
2523	3.75e-06	1.40e+02
2524	3.75e-06	1.40e+02
2525	3.76e-06	1.40e+02
2526	3.76e-06	1.40e+02
2527	3.76e-06	1.40e+02
2528	3.77e-06	1.40e+02
2529	3.77e-06	1.40e+02
2530	3.77e-06	1.40e+02
2531	3.77e-06	1.40e+02
2532	3.78e-06	1.40e+02
2533	3.78e-06	1.40e+02
2534	3.78e-06	1.40e+02
2535	3.79e-06	1.40e+02
2536	3.79e-06	1.40e+02
2537	3.79e-06	1.40e+02
2538	3.80e-06	1.41e+02
2539	3.80e-06	1.41e+02
2540	3.81e-06	1.41e+02
2541	3.81e-06	1.41e+02
2542	3.81e-06	1.41e+02
2543	3.82e-06	1.42e+02
2544	3.82e-06	1.43e+02
2545	3.83e-06	1.43e+02
2546	3.83e-06	1.45e+02
2547	3.83e-06	1.47e+02
2548	3.84e-06	1.50e+02
2549	3.84e-06	1.56e+02
2550	3.85e-06	1.64e+02
2551	3.85e-06	1.79e+02
2552	3.86e-06	2.04e+02
2553	3.86e-06	2.48e+02
2554	3.87e-06	3.23e+02
2555	3.87e-06	4.48e+02
2556	3.88e-06	6.50e+02
2557	3.88e-06	9.30e+02
2558	3.88e-06	1.19e+03
2559	3.88e-06	1.20e+03
2560	3.89e-06	9.02e+02
2561	3.89e-06	5.66e+02
2562	3.89e-06	3.62e+02
2563	3.90e-06	2.63e+02
2564	3.90e-06	2.14e+02
2565	3.90e-06	1.88e+02
2566	3.90e-06	1.73e+02
2567	3.91e-06	1.64e+02
2568	3.91e-06	1.58e+02
2569	3.91e-06	1.55e+02
2570	3.92e-06	1.52e+02
2571	3.92e-06	1.50e+02
2572	3.92e-06	1.49e+02
2573	3.93e-06	1.48e+02
2574	3.93e-06	1.47e+02
2575	3.93e-06	1.46e+02
2576	3.93e-06	1.45e+02
2577	3.94e-06	1.44e+02
2578	3.94e-06	1.44e+02
2579	3.94e-06	1.43e+02
2580	3.95e-06	1.43e+02
2581	3.95e-06	1.42e+02
2582	3.95e-06	1.42e+02
2583	3.95e-06	1.41e+02
2584	3.96e-06	1.41e+02
2585	3.96e-06	1.41e+02
2586	3.96e-06	1.40e+02
2587	3.97e-06	1.40e+02
2588	3.97e-06	1.40e+02
2589	3.97e-06	1.40e+02
2590	3.97e-06	1.39e+02
2591	3.98e-06	1.39e+02
2592	3.98e-06	1.39e+02
2593	3.98e-06	1.39e+02
2594	3.99e-06	1.39e+02
2595	3.99e-06	1.39e+02
2596	3.99e-06	1.38e+02
2597	4.00e-06	1.38e+02
2598	4.00e-06	1.38e+02
2599	4.00e-06	1.38e+02
2600	4.00e-06	1.38e+02
2601	4.01e-06	1.38e+02
2602	4.01e-06	1.38e+02
2603	4.01e-06	1.38e+02
2604	4.02e-06	1.38e+02
2605	4.02e-06	1.38e+02
2606	4.02e-06	1.38e+02
2607	4.02e-06	1.38e+02
2608	4.03e-06	1.38e+02
2609	4.03e-06	1.38e+02
2610	4.03e-06	1.38e+02
2611	4.04e-06	1.38e+02
2612	4.04e-06	1.37e+02
2613	4.04e-06	1.37e+02
2614	4.05e-06	1.37e+02
2615	4.05e-06	1.37e+02
2616	4.05e-06	1.37e+02
2617	4.05e-06	1.37e+02
2618	4.06e-06	1.37e+02
2619	4.06e-06	1.37e+02
2620	4.06e-06	1.37e+02
2621	4.07e-06	1.37e+02
2622	4.07e-06	1.37e+02
2623	4.07e-06	1.37e+02
2624	4.08e-06	1.37e+02
2625	4.08e-06	1.37e+02
2626	4.08e-06	1.37e+02
2627	4.08e-06	1.37e+02
2628	4.09e-06	1.37e+02
2629	4.09e-06	1.37e+02
2630	4.09e-06	1.37e+02
2631	4.09e-06	1.37e+02
2632	4.09e-06	1.37e+02
2633	4.10e-06	1.37e+02
2634	4.10e-06	1.37e+02
2635	4.10e-06	1.37e+02
2636	4.10e-06	1.37e+02
2637	4.10e-06	1.37e+02
2638	4.10e-06	1.37e+02
2639	4.11e-06	1.37e+02
2640	4.11e-06	1.37e+02
2641	4.11e-06	1.37e+02
2642	4.11e-06	1.37e+02
2643	4.11e-06	1.37e+02
2644	4.12e-06	1.37e+02
2645	4.12e-06	1.37e+02
2646	4.12e-06	1.37e+02
2647	4.12e-06	1.37e+02
2648	4.12e-06	1.37e+02
2649	4.13e-06	1.37e+02
2650	4.13e-06	1.37e+02
2651	4.13e-06	1.37e+02
2652	4.13e-06	1.37e+02
2653	4.14e-06	1.37e+02
2654	4.14e-06	1.37e+02
2655	4.14e-06	1.37e+02
2656	4.14e-06	1.37e+02
2657	4.14e-06	1.37e+02
2658	4.15e-06	1.37e+02
2659	4.15e-06	1.37e+02
2660	4.15e-06	1.37e+02
2661	4.15e-06	1.37e+02
2662	4.16e-06	1.37e+02
2663	4.16e-06	1.37e+02
2664	4.16e-06	1.36e+02
2665	4.16e-06	1.36e+02
2666	4.17e-06	1.36e+02
2667	4.17e-06	1.36e+02
2668	4.17e-06	1.36e+02
2669	4.18e-06	1.36e+02
2670	4.18e-06	1.36e+02
2671	4.18e-06	1.36e+02
2672	4.18e-06	1.36e+02
2673	4.19e-06	1.36e+02
2674	4.19e-06	1.36e+02
2675	4.19e-06	1.36e+02
2676	4.19e-06	1.36e+02
2677	4.20e-06	1.36e+02
2678	4.20e-06	1.36e+02
2679	4.20e-06	1.36e+02
2680	4.21e-06	1.36e+02
2681	4.21e-06	1.36e+02
2682	4.21e-06	1.36e+02
2683	4.21e-06	1.36e+02
2684	4.22e-06	1.36e+02
2685	4.22e-06	1.36e+02
2686	4.22e-06	1.36e+02
2687	4.23e-06	1.36e+02
2688	4.23e-06	1.36e+02
2689	4.23e-06	1.36e+02
2690	4.23e-06	1.36e+02
2691	4.24e-06	1.36e+02
2692	4.24e-06	1.36e+02
2693	4.24e-06	1.36e+02
2694	4.25e-06	1.36e+02
2695	4.25e-06	1.36e+02
2696	4.25e-06	1.36e+02
2697	4.25e-06	1.36e+02
2698	4.26e-06	1.36e+02
2699	4.26e-06	1.36e+02
2700	4.26e-06	1.36e+02
2701	4.27e-06	1.36e+02
2702	4.27e-06	1.36e+02
2703	4.27e-06	1.36e+02
2704	4.28e-06	1.36e+02
2705	4.28e-06	1.36e+02
2706	4.28e-06	1.36e+02
2707	4.28e-06	1.36e+02
2708	4.29e-06	1.35e+02
2709	4.29e-06	1.35e+02
2710	4.29e-06	1.35e+02
2711	4.30e-06	1.35e+02
2712	4.30e-06	1.35e+02
2713	4.30e-06	1.35e+02
2714	4.31e-06	1.35e+02
2715	4.31e-06	1.35e+02
2716	4.31e-06	1.35e+02
2717	4.32e-06	1.35e+02
2718	4.32e-06	1.35e+02
2719	4.32e-06	1.35e+02
2720	4.33e-06	1.35e+02
2721	4.33e-06	1.35e+02
2722	4.33e-06	1.35e+02
2723	4.33e-06	1.35e+02
2724	4.34e-06	1.35e+02
2725	4.34e-06	1.35e+02
2726	4.34e-06	1.35e+02
2727	4.35e-06	1.35e+02
2728	4.35e-06	1.35e+02
2729	4.35e-06	1.35e+02
2730	4.36e-06	1.35e+02
2731	4.36e-06	1.35e+02
2732	4.36e-06	1.35e+02
2733	4.37e-06	1.36e+02
2734	4.37e-06	1.36e+02
2735	4.38e-06	1.36e+02
2736	4.38e-06	1.36e+02
2737	4.38e-06	1.36e+02
2738	4.39e-06	1.36e+02
2739	4.39e-06	1.37e+02
2740	4.39e-06	1.37e+02
2741	4.40e-06	1.38e+02
2742	4.40e-06	1.38e+02
2743	4.41e-06	1.39e+02
2744	4.41e-06	1.41e+02
2745	4.41e-06	1.42e+02
2746	4.42e-06	1.45e+02
2747	4.42e-06	1.48e+02
2748	4.43e-06	1.52e+02
2749	4.43e-06	1.58e+02
2750	4.44e-06	1.66e+02
2751	4.44e-06	1.77e+02
2752	4.45e-06	1.93e+02
2753	4.45e-06	2.15e+02
2754	4.46e-06	2.49e+02
2755	4.46e-06	2.99e+02
2756	4.47e-06	3.79e+02
2757	4.47e-06	5.09e+02
2758	4.48e-06	7.03e+02
2759	4.48e-06	9.26e+02
2760	4.48e-06	1.02e+03
2761	4.49e-06	8.46e+02
2762	4.49e-06	5.61e+02
2763	4.49e-06	3.59e+02
2764	4.50e-06	2.56e+02
2765	4.50e-06	2.05e+02
2766	4.50e-06	1.78e+02
2767	4.51e-06	1.62e+02
2768	4.51e-06	1.54e+02
2769	4.51e-06	1.48e+02
2770	4.51e-06	1.45e+02
2771	4.52e-06	1.43e+02
2772	4.52e-06	1.41e+02
2773	4.52e-06	1.40e+02
2774	4.53e-06	1.39e+02
2775	4.53e-06	1.39e+02
2776	4.53e-06	1.38e+02
2777	4.54e-06	1.38e+02
2778	4.54e-06	1.37e+02
2779	4.54e-06	1.37e+02
2780	4.55e-06	1.36e+02
2781	4.55e-06	1.36e+02
2782	4.55e-06	1.36e+02
2783	4.55e-06	1.36e+02
2784	4.56e-06	1.35e+02
2785	4.56e-06	1.35e+02
2786	4.56e-06	1.35e+02
2787	4.57e-06	1.35e+02
2788	4.57e-06	1.34e+02
2789	4.57e-06	1.34e+02
2790	4.58e-06	1.34e+02
2791	4.58e-06	1.34e+02
2792	4.58e-06	1.34e+02
2793	4.59e-06	1.34e+02
2794	4.59e-06	1.34e+02
2795	4.59e-06	1.33e+02
2796	4.60e-06	1.33e+02
2797	4.60e-06	1.33e+02
2798	4.60e-06	1.33e+02
2799	4.60e-06	1.33e+02
2800	4.61e-06	1.33e+02
2801	4.61e-06	1.33e+02
2802	4.61e-06	1.33e+02
2803	4.62e-06	1.33e+02
2804	4.62e-06	1.33e+02
2805	4.62e-06	1.33e+02
2806	4.63e-06	1.33e+02
2807	4.63e-06	1.33e+02
2808	4.63e-06	1.33e+02
2809	4.64e-06	1.33e+02
2810	4.64e-06	1.33e+02
2811	4.64e-06	1.32e+02
2812	4.64e-06	1.32e+02
2813	4.65e-06	1.32e+02
2814	4.65e-06	1.32e+02
2815	4.65e-06	1.32e+02
2816	4.66e-06	1.32e+02
2817	4.66e-06	1.32e+02
2818	4.66e-06	1.32e+02
2819	4.67e-06	1.32e+02
2820	4.67e-06	1.32e+02
2821	4.67e-06	1.32e+02
2822	4.68e-06	1.32e+02
2823	4.68e-06	1.32e+02
2824	4.68e-06	1.32e+02
2825	4.69e-06	1.32e+02
2826	4.69e-06	1.32e+02
2827	4.69e-06	1.32e+02
2828	4.70e-06	1.32e+02
2829	4.70e-06	1.32e+02
2830	4.70e-06	1.32e+02
2831	4.70e-06	1.32e+02
2832	4.71e-06	1.32e+02
2833	4.71e-06	1.32e+02
2834	4.71e-06	1.32e+02
2835	4.72e-06	1.32e+02
2836	4.72e-06	1.32e+02
2837	4.72e-06	1.32e+02
2838	4.72e-06	1.32e+02
2839	4.73e-06	1.32e+02
2840	4.73e-06	1.32e+02
2841	4.73e-06	1.32e+02
2842	4.73e-06	1.32e+02
2843	4.73e-06	1.32e+02
2844	4.74e-06	1.32e+02
2845	4.74e-06	1.32e+02
2846	4.74e-06	1.32e+02
2847	4.74e-06	1.32e+02
2848	4.74e-06	1.31e+02
2849	4.75e-06	1.31e+02
2850	4.75e-06	1.31e+02
2851	4.75e-06	1.31e+02
2852	4.75e-06	1.31e+02
2853	4.75e-06	1.31e+02
2854	4.76e-06	1.31e+02
2855	4.76e-06	1.31e+02
2856	4.76e-06	1.31e+02
2857	4.76e-06	1.31e+02
2858	4.76e-06	1.31e+02
2859	4.77e-06	1.31e+02
2860	4.77e-06	1.31e+02
2861	4.77e-06	1.31e+02
2862	4.77e-06	1.31e+02
2863	4.78e-06	1.31e+02
2864	4.78e-06	1.31e+02
2865	4.78e-06	1.31e+02
2866	4.78e-06	1.31e+02
2867	4.79e-06	1.31e+02
2868	4.79e-06	1.31e+02
2869	4.79e-06	1.31e+02
2870	4.80e-06	1.31e+02
2871	4.80e-06	1.31e+02
2872	4.80e-06	1.31e+02
2873	4.80e-06	1.31e+02
2874	4.81e-06	1.31e+02
2875	4.81e-06	1.31e+02
2876	4.81e-06	1.31e+02
2877	4.82e-06	1.31e+02
2878	4.82e-06	1.31e+02
2879	4.82e-06	1.31e+02
2880	4.82e-06	1.31e+02
2881	4.83e-06	1.31e+02
2882	4.83e-06	1.31e+02
2883	4.83e-06	1.31e+02
2884	4.84e-06	1.30e+02
2885	4.84e-06	1.30e+02
2886	4.84e-06	1.30e+02
2887	4.85e-06	1.30e+02
2888	4.85e-06	1.30e+02
2889	4.85e-06	1.30e+02
2890	4.86e-06	1.30e+02
2891	4.86e-06	1.30e+02
2892	4.86e-06	1.30e+02
2893	4.87e-06	1.30e+02
2894	4.87e-06	1.30e+02
2895	4.87e-06	1.30e+02
2896	4.88e-06	1.30e+02
2897	4.88e-06	1.30e+02
2898	4.88e-06	1.30e+02
2899	4.89e-06	1.30e+02
2900	4.89e-06	1.31e+02
2901	4.90e-06	1.31e+02
2902	4.90e-06	1.31e+02
2903	4.91e-06	1.31e+02
2904	4.91e-06	1.32e+02
2905	4.91e-06	1.32e+02
2906	4.92e-06	1.33e+02
2907	4.92e-06	1.35e+02
2908	4.93e-06	1.37e+02
2909	4.93e-06	1.41e+02
2910	4.94e-06	1.47e+02
2911	4.94e-06	1.59e+02
2912	4.95e-06	1.80e+02
2913	4.96e-06	2.19e+02
2914	4.96e-06	2.87e+02
2915	4.97e-06	4.01e+02
2916	4.97e-06	5.74e+02
2917	4.98e-06	7.71e+02
2918	4.98e-06	8.56e+02
2919	4.98e-06	7.13e+02
2920	4.99e-06	4.72e+02
2921	4.99e-06	3.02e+02
2922	4.99e-06	2.19e+02
2923	5.00e-06	1.81e+02
2924	5.00e-06	1.61e+02
2925	5.00e-06	1.50e+02
2926	5.00e-06	1.44e+02
2927	5.01e-06	1.40e+02
2928	5.01e-06	1.37e+02
2929	5.01e-06	1.35e+02
2930	5.02e-06	1.34e+02
2931	5.02e-06	1.33e+02
2932	5.02e-06	1.33e+02
2933	5.03e-06	1.32e+02
2934	5.03e-06	1.32e+02
2935	5.03e-06	1.31e+02
2936	5.04e-06	1.31e+02
2937	5.04e-06	1.31e+02
2938	5.04e-06	1.31e+02
2939	5.05e-06	1.30e+02
2940	5.05e-06	1.30e+02
2941	5.05e-06	1.30e+02
2942	5.06e-06	1.30e+02
2943	5.06e-06	1.30e+02
2944	5.06e-06	1.29e+02
2945	5.07e-06	1.29e+02
2946	5.07e-06	1.29e+02
2947	5.07e-06	1.29e+02
2948	5.08e-06	1.29e+02
2949	5.08e-06	1.29e+02
2950	5.08e-06	1.29e+02
2951	5.09e-06	1.29e+02
2952	5.09e-06	1.28e+02
2953	5.09e-06	1.28e+02
2954	5.10e-06	1.28e+02
2955	5.10e-06	1.28e+02
2956	5.10e-06	1.28e+02
2957	5.10e-06	1.28e+02
2958	5.11e-06	1.28e+02
2959	5.11e-06	1.28e+02
2960	5.11e-06	1.28e+02
2961	5.12e-06	1.28e+02
2962	5.12e-06	1.28e+02
2963	5.12e-06	1.28e+02
2964	5.13e-06	1.28e+02
2965	5.13e-06	1.28e+02
2966	5.13e-06	1.27e+02
2967	5.14e-06	1.27e+02
2968	5.14e-06	1.27e+02
2969	5.14e-06	1.27e+02
2970	5.15e-06	1.27e+02
2971	5.15e-06	1.27e+02
2972	5.15e-06	1.27e+02
2973	5.16e-06	1.27e+02
2974	5.16e-06	1.27e+02
2975	5.16e-06	1.27e+02
2976	5.17e-06	1.27e+02
2977	5.17e-06	1.27e+02
2978	5.17e-06	1.27e+02
2979	5.18e-06	1.27e+02
2980	5.18e-06	1.27e+02
2981	5.18e-06	1.27e+02
2982	5.19e-06	1.27e+02
2983	5.19e-06	1.27e+02
2984	5.19e-06	1.27e+02
2985	5.20e-06	1.27e+02
2986	5.20e-06	1.27e+02
2987	5.20e-06	1.27e+02
2988	5.21e-06	1.27e+02
2989	5.21e-06	1.26e+02
2990	5.21e-06	1.26e+02
2991	5.22e-06	1.26e+02
2992	5.22e-06	1.26e+02
2993	5.22e-06	1.26e+02
2994	5.23e-06	1.26e+02
2995	5.23e-06	1.26e+02
2996	5.23e-06	1.26e+02
2997	5.23e-06	1.26e+02
2998	5.24e-06	1.26e+02
2999	5.24e-06	1.26e+02
3000	5.24e-06	1.26e+02
3001	5.25e-06	1.26e+02
3002	5.25e-06	1.26e+02
3003	5.25e-06	1.26e+02
3004	5.25e-06	1.26e+02
3005	5.26e-06	1.26e+02
3006	5.26e-06	1.26e+02
3007	5.26e-06	1.26e+02
3008	5.26e-06	1.26e+02
3009	5.27e-06	1.26e+02
3010	5.27e-06	1.26e+02
3011	5.27e-06	1.26e+02
3012	5.27e-06	1.26e+02
3013	5.27e-06	1.26e+02
3014	5.28e-06	1.26e+02
3015	5.28e-06	1.26e+02
3016	5.28e-06	1.26e+02
3017	5.28e-06	1.26e+02
3018	5.29e-06	1.25e+02
3019	5.29e-06	1.25e+02
3020	5.29e-06	1.25e+02
3021	5.29e-06	1.25e+02
3022	5.30e-06	1.25e+02
3023	5.30e-06	1.25e+02
3024	5.30e-06	1.25e+02
3025	5.31e-06	1.25e+02
3026	5.31e-06	1.26e+02
3027	5.31e-06	1.26e+02
3028	5.32e-06	1.26e+02
3029	5.32e-06	1.26e+02
3030	5.32e-06	1.26e+02
3031	5.33e-06	1.26e+02
3032	5.33e-06	1.27e+02
3033	5.33e-06	1.27e+02
3034	5.34e-06	1.28e+02
3035	5.34e-06	1.28e+02
3036	5.34e-06	1.30e+02
3037	5.35e-06	1.31e+02
3038	5.35e-06	1.34e+02
3039	5.36e-06	1.37e+02
3040	5.36e-06	1.43e+02
3041	5.37e-06	1.51e+02
3042	5.37e-06	1.65e+02
3043	5.38e-06	1.87e+02
3044	5.38e-06	2.23e+02
3045	5.39e-06	2.86e+02
3046	5.39e-06	3.89e+02
3047	5.40e-06	5.42e+02
3048	5.40e-06	7.12e+02
3049	5.41e-06	7.72e+02
3050	5.41e-06	6.37e+02
3051	5.41e-06	4.35e+02
3052	5.42e-06	3.03e+02
3053	5.42e-06	2.36e+02
3054	5.42e-06	2.00e+02
3055	5.43e-06	1.76e+02
3056	5.43e-06	1.59e+02
3057	5.43e-06	1.47e+02
3058	5.44e-06	1.39e+02
3059	5.44e-06	1.34e+02
3060	5.44e-06	1.31e+02
3061	5.45e-06	1.29e+02
3062	5.45e-06	1.27e+02
3063	5.45e-06	1.27e+02
3064	5.46e-06	1.26e+02
3065	5.46e-06	1.26e+02
3066	5.46e-06	1.25e+02
3067	5.47e-06	1.25e+02
3068	5.47e-06	1.25e+02
3069	5.47e-06	1.24e+02
3070	5.48e-06	1.24e+02
3071	5.48e-06	1.24e+02
3072	5.48e-06	1.24e+02
3073	5.49e-06	1.24e+02
3074	5.49e-06	1.24e+02
3075	5.49e-06	1.24e+02
3076	5.50e-06	1.23e+02
3077	5.50e-06	1.23e+02
3078	5.50e-06	1.23e+02
3079	5.51e-06	1.23e+02
3080	5.51e-06	1.23e+02
3081	5.51e-06	1.23e+02
3082	5.52e-06	1.23e+02
3083	5.52e-06	1.23e+02
3084	5.52e-06	1.23e+02
3085	5.53e-06	1.22e+02
3086	5.53e-06	1.22e+02
3087	5.53e-06	1.22e+02
3088	5.54e-06	1.22e+02
3089	5.54e-06	1.22e+02
3090	5.54e-06	1.22e+02
3091	5.55e-06	1.22e+02
3092	5.55e-06	1.22e+02
3093	5.55e-06	1.22e+02
3094	5.56e-06	1.22e+02
3095	5.56e-06	1.22e+02
3096	5.56e-06	1.22e+02
3097	5.57e-06	1.22e+02
3098	5.57e-06	1.21e+02
3099	5.57e-06	1.21e+02
3100	5.58e-06	1.21e+02
3101	5.58e-06	1.21e+02
3102	5.58e-06	1.21e+02
3103	5.59e-06	1.21e+02
3104	5.59e-06	1.21e+02
3105	5.59e-06	1.21e+02
3106	5.60e-06	1.21e+02
3107	5.60e-06	1.21e+02
3108	5.60e-06	1.21e+02
3109	5.61e-06	1.21e+02
3110	5.61e-06	1.21e+02
3111	5.61e-06	1.21e+02
3112	5.62e-06	1.21e+02
3113	5.62e-06	1.21e+02
3114	5.62e-06	1.21e+02
3115	5.63e-06	1.20e+02
3116	5.63e-06	1.20e+02
3117	5.63e-06	1.20e+02
3118	5.64e-06	1.20e+02
3119	5.64e-06	1.20e+02
3120	5.64e-06	1.20e+02
3121	5.65e-06	1.20e+02
3122	5.65e-06	1.20e+02
3123	5.65e-06	1.20e+02
3124	5.66e-06	1.20e+02
3125	5.66e-06	1.20e+02
3126	5.66e-06	1.20e+02
3127	5.67e-06	1.20e+02
3128	5.67e-06	1.20e+02
3129	5.67e-06	1.20e+02
3130	5.68e-06	1.20e+02
3131	5.68e-06	1.20e+02
3132	5.68e-06	1.20e+02
3133	5.69e-06	1.20e+02
3134	5.69e-06	1.19e+02
3135	5.69e-06	1.19e+02
3136	5.70e-06	1.19e+02
3137	5.70e-06	1.19e+02
3138	5.70e-06	1.19e+02
3139	5.71e-06	1.19e+02
3140	5.71e-06	1.19e+02
3141	5.71e-06	1.19e+02
3142	5.71e-06	1.19e+02
3143	5.72e-06	1.19e+02
3144	5.72e-06	1.19e+02
3145	5.72e-06	1.19e+02
3146	5.73e-06	1.19e+02
3147	5.73e-06	1.20e+02
3148	5.73e-06	1.20e+02
3149	5.74e-06	1.20e+02
3150	5.74e-06	1.21e+02
3151	5.74e-06	1.22e+02
3152	5.75e-06	1.24e+02
3153	5.75e-06	1.28e+02
3154	5.75e-06	1.34e+02
3155	5.76e-06	1.46e+02
3156	5.76e-06	1.67e+02
3157	5.77e-06	2.05e+02
3158	5.77e-06	2.73e+02
3159	5.77e-06	3.85e+02
3160	5.78e-06	5.39e+02
3161	5.78e-06	6.69e+02
3162	5.78e-06	6.49e+02
3163	5.79e-06	4.76e+02
3164	5.79e-06	3.06e+02
3165	5.79e-06	2.11e+02
3166	5.80e-06	1.68e+02
3167	5.80e-06	1.48e+02
3168	5.80e-06	1.37e+02
3169	5.81e-06	1.31e+02
3170	5.81e-06	1.27e+02
3171	5.81e-06	1.24e+02
3172	5.82e-06	1.22e+02
3173	5.82e-06	1.21e+02
3174	5.83e-06	1.20e+02
3175	5.83e-06	1.20e+02
3176	5.83e-06	1.19e+02
3177	5.84e-06	1.19e+02
3178	5.84e-06	1.19e+02
3179	5.84e-06	1.18e+02
3180	5.85e-06	1.18e+02
3181	5.85e-06	1.18e+02
3182	5.85e-06	1.18e+02
3183	5.86e-06	1.18e+02
3184	5.86e-06	1.17e+02
3185	5.86e-06	1.17e+02
3186	5.87e-06	1.17e+02
3187	5.87e-06	1.17e+02
3188	5.87e-06	1.17e+02
3189	5.88e-06	1.17e+02
3190	5.88e-06	1.17e+02
3191	5.88e-06	1.16e+02
3192	5.89e-06	1.16e+02
3193	5.89e-06	1.16e+02
3194	5.89e-06	1.16e+02
3195	5.90e-06	1.16e+02
3196	5.90e-06	1.16e+02
3197	5.90e-06	1.16e+02
3198	5.91e-06	1.16e+02
3199	5.91e-06	1.16e+02
3200	5.91e-06	1.16e+02
3201	5.92e-06	1.15e+02
3202	5.92e-06	1.15e+02
3203	5.92e-06	1.15e+02
3204	5.91e-06	1.15e+02
3205	5.90e-06	1.15e+02
3206	5.89e-06	1.15e+02
3207	5.88e-06	1.15e+02
3208	5.87e-06	1.15e+02
3209	5.86e-06	1.15e+02
3210	5.85e-06	1.15e+02
3211	5.84e-06	1.15e+02
3212	5.83e-06	1.15e+02
3213	5.82e-06	1.15e+02
3214	5.81e-06	1.15e+02
3215	5.80e-06	1.14e+02
3216	5.79e-06	1.14e+02
3217	5.78e-06	1.14e+02
3218	5.77e-06	1.14e+02
3219	5.77e-06	1.14e+02
3220	5.76e-06	1.14e+02
3221	5.75e-06	1.14e+02
3222	5.74e-06	1.14e+02
3223	5.73e-06	1.14e+02
3224	5.72e-06	1.14e+02
3225	5.71e-06	1.14e+02
3226	5.70e-06	1.14e+02
3227	5.69e-06	1.14e+02
3228	5.69e-06	1.14e+02
3229	5.68e-06	1.15e+02
3230	5.67e-06	1.15e+02
3231	5.66e-06	1.15e+02
3232	5.65e-06	1.16e+02
3233	5.64e-06	1.17e+02
3234	5.63e-06	1.18e+02
3235	5.63e-06	1.19e+02
3236	5.62e-06	1.21e+02
3237	5.61e-06	1.24e+02
3238	5.60e-06	1.28e+02
3239	5.59e-06	1.33e+02
3240	5.58e-06	1.39e+02
3241	5.58e-06	1.48e+02
3242	5.57e-06	1.58e+02
3243	5.56e-06	1.68e+02
3244	5.55e-06	1.79e+02
3245	5.54e-06	1.86e+02
3246	5.54e-06	1.89e+02
3247	5.53e-06	1.87e+02
3248	5.52e-06	1.79e+02
3249	5.51e-06	1.69e+02
3250	5.50e-06	1.59e+02
3251	5.50e-06	1.49e+02
3252	5.49e-06	1.42e+02
3253	5.48e-06	1.36e+02
3254	5.47e-06	1.32e+02
3255	5.46e-06	1.31e+02
3256	5.46e-06	1.32e+02
3257	5.45e-06	1.38e+02
3258	5.44e-06	1.51e+02
3259	5.43e-06	1.75e+02
3260	5.43e-06	2.19e+02
3261	5.42e-06	2.92e+02
3262	5.41e-06	4.03e+02
3263	5.40e-06	5.41e+02
3264	5.40e-06	6.42e+02
3265	5.39e-06	6.12e+02
3266	5.38e-06	4.60e+02
3267	5.37e-06	3.08e+02
3268	5.37e-06	2.16e+02
3269	5.36e-06	1.70e+02
3270	5.35e-06	1.47e+02
3271	5.35e-06	1.35e+02
3272	5.34e-06	1.27e+02
3273	5.33e-06	1.23e+02
3274	5.32e-06	1.20e+02
3275	5.32e-06	1.17e+02
3276	5.31e-06	1.16e+02
3277	5.30e-06	1.15e+02
3278	5.30e-06	1.14e+02
3279	5.29e-06	1.13e+02
3280	5.28e-06	1.13e+02
3281	5.27e-06	1.12e+02
3282	5.27e-06	1.12e+02
3283	5.26e-06	1.11e+02
3284	5.25e-06	1.11e+02
3285	5.25e-06	1.11e+02
3286	5.24e-06	1.11e+02
3287	5.23e-06	1.11e+02
3288	5.23e-06	1.11e+02
3289	5.22e-06	1.10e+02
3290	5.21e-06	1.10e+02
3291	5.21e-06	1.10e+02
3292	5.20e-06	1.10e+02
3293	5.19e-06	1.10e+02
3294	5.19e-06	1.10e+02
3295	5.18e-06	1.10e+02
3296	5.17e-06	1.10e+02
3297	5.17e-06	1.09e+02
3298	5.16e-06	1.09e+02
3299	5.15e-06	1.09e+02
3300	5.15e-06	1.09e+02
3301	5.14e-06	1.09e+02
3302	5.13e-06	1.09e+02
3303	5.13e-06	1.09e+02
3304	5.12e-06	1.09e+02
3305	5.11e-06	1.09e+02
3306	5.11e-06	1.09e+02
3307	5.10e-06	1.08e+02
3308	5.10e-06	1.08e+02
3309	5.09e-06	1.08e+02
3310	5.08e-06	1.08e+02
3311	5.08e-06	1.08e+02
3312	5.07e-06	1.08e+02
3313	5.06e-06	1.08e+02
3314	5.06e-06	1.08e+02
3315	5.05e-06	1.08e+02
3316	5.05e-06	1.08e+02
3317	5.04e-06	1.08e+02
3318	5.03e-06	1.08e+02
3319	5.03e-06	1.08e+02
3320	5.02e-06	1.07e+02
3321	5.02e-06	1.07e+02
3322	5.01e-06	1.07e+02
3323	5.00e-06	1.07e+02
3324	5.00e-06	1.07e+02
3325	4.99e-06	1.07e+02
3326	4.99e-06	1.07e+02
3327	4.98e-06	1.07e+02
3328	4.97e-06	1.07e+02
3329	4.97e-06	1.07e+02
3330	4.96e-06	1.07e+02
3331	4.96e-06	1.07e+02
3332	4.95e-06	1.07e+02
3333	4.95e-06	1.07e+02
3334	4.94e-06	1.06e+02
3335	4.93e-06	1.06e+02
3336	4.93e-06	1.06e+02
3337	4.92e-06	1.06e+02
3338	4.92e-06	1.06e+02
3339	4.91e-06	1.06e+02
3340	4.91e-06	1.06e+02
3341	4.90e-06	1.06e+02
3342	4.90e-06	1.06e+02
3343	4.89e-06	1.06e+02
3344	4.88e-06	1.06e+02
3345	4.88e-06	1.06e+02
3346	4.87e-06	1.06e+02
3347	4.87e-06	1.06e+02
3348	4.86e-06	1.06e+02
3349	4.86e-06	1.06e+02
3350	4.85e-06	1.06e+02
3351	4.85e-06	1.06e+02
3352	4.84e-06	1.06e+02
3353	4.84e-06	1.06e+02
3354	4.83e-06	1.06e+02
3355	4.82e-06	1.06e+02
3356	4.82e-06	1.06e+02
3357	4.81e-06	1.06e+02
3358	4.81e-06	1.06e+02
3359	4.80e-06	1.06e+02
3360	4.80e-06	1.07e+02
3361	4.79e-06	1.08e+02
3362	4.79e-06	1.09e+02
3363	4.78e-06	1.10e+02
3364	4.78e-06	1.13e+02
3365	4.77e-06	1.17e+02
3366	4.77e-06	1.24e+02
3367	4.76e-06	1.34e+02
3368	4.76e-06	1.52e+02
3369	4.75e-06	1.80e+02
3370	4.75e-06	2.24e+02
3371	4.74e-06	2.93e+02
3372	4.74e-06	3.90e+02
3373	4.73e-06	5.09e+02
3374	4.73e-06	6.08e+02
3375	4.72e-06	6.21e+02
3376	4.72e-06	5.22e+02
3377	4.71e-06	3.80e+02
3378	4.71e-06	2.66e+02
3379	4.70e-06	1.99e+02
3380	4.70e-06	1.63e+02
3381	4.69e-06	1.43e+02
3382	4.69e-06	1.31e+02
3383	4.68e-06	1.23e+02
3384	4.68e-06	1.18e+02
3385	4.67e-06	1.15e+02
3386	4.67e-06	1.12e+02
3387	4.66e-06	1.10e+02
3388	4.66e-06	1.09e+02
3389	4.65e-06	1.08e+02
3390	4.65e-06	1.07e+02
3391	4.64e-06	1.06e+02
3392	4.64e-06	1.06e+02
3393	4.63e-06	1.05e+02
3394	4.63e-06	1.05e+02
3395	4.63e-06	1.05e+02
3396	4.62e-06	1.04e+02
3397	4.62e-06	1.04e+02
3398	4.61e-06	1.04e+02
3399	4.61e-06	1.04e+02
3400	4.60e-06	1.04e+02
3401	4.60e-06	1.03e+02
3402	4.59e-06	1.03e+02
3403	4.59e-06	1.03e+02
3404	4.58e-06	1.03e+02
3405	4.58e-06	1.03e+02
3406	4.58e-06	1.03e+02
3407	4.57e-06	1.03e+02
3408	4.57e-06	1.03e+02
3409	4.56e-06	1.03e+02
3410	4.56e-06	1.03e+02
3411	4.55e-06	1.03e+02
3412	4.55e-06	1.03e+02
3413	4.54e-06	1.03e+02
3414	4.54e-06	1.03e+02
3415	4.54e-06	1.03e+02
3416	4.53e-06	1.03e+02
3417	4.53e-06	1.03e+02
3418	4.52e-06	1.03e+02
3419	4.52e-06	1.04e+02
3420	4.51e-06	1.04e+02
3421	4.51e-06	1.04e+02
3422	4.50e-06	1.05e+02
3423	4.50e-06	1.06e+02
3424	4.50e-06	1.07e+02
3425	4.49e-06	1.09e+02
3426	4.49e-06	1.11e+02
3427	4.48e-06	1.13e+02
3428	4.48e-06	1.17e+02
3429	4.48e-06	1.21e+02
3430	4.47e-06	1.26e+02
3431	4.47e-06	1.33e+02
3432	4.46e-06	1.41e+02
3433	4.46e-06	1.49e+02
3434	4.45e-06	1.58e+02
3435	4.45e-06	1.67e+02
3436	4.45e-06	1.75e+02
3437	4.44e-06	1.79e+02
3438	4.44e-06	1.80e+02
3439	4.43e-06	1.77e+02
3440	4.43e-06	1.70e+02
3441	4.43e-06	1.61e+02
3442	4.42e-06	1.51e+02
3443	4.42e-06	1.42e+02
3444	4.41e-06	1.34e+02
3445	4.41e-06	1.28e+02
3446	4.41e-06	1.23e+02
3447	4.40e-06	1.19e+02
3448	4.40e-06	1.16e+02
3449	4.39e-06	1.13e+02
3450	4.39e-06	1.11e+02
3451	4.39e-06	1.09e+02
3452	4.38e-06	1.07e+02
3453	4.38e-06	1.06e+02
3454	4.37e-06	1.04e+02
3455	4.37e-06	1.03e+02
3456	4.37e-06	1.02e+02
3457	4.36e-06	1.02e+02
3458	4.36e-06	1.01e+02
3459	4.36e-06	1.01e+02
3460	4.35e-06	1.00e+02
3461	4.35e-06	9.97e+01
3462	4.34e-06	9.94e+01
3463	4.34e-06	9.92e+01
3464	4.34e-06	9.89e+01
3465	4.33e-06	9.88e+01
3466	4.33e-06	9.86e+01
3467	4.32e-06	9.85e+01
3468	4.32e-06	9.84e+01
3469	4.32e-06	9.84e+01
3470	4.31e-06	9.84e+01
3471	4.31e-06	9.84e+01
3472	4.31e-06	9.84e+01
3473	4.30e-06	9.85e+01
3474	4.30e-06	9.86e+01
3475	4.30e-06	9.89e+01
3476	4.29e-06	9.92e+01
3477	4.29e-06	9.97e+01
3478	4.28e-06	1.00e+02
3479	4.28e-06	1.01e+02
3480	4.28e-06	1.03e+02
3481	4.27e-06	1.05e+02
3482	4.27e-06	1.09e+02
3483	4.27e-06	1.14e+02
3484	4.26e-06	1.21e+02
3485	4.26e-06	1.33e+02
3486	4.26e-06	1.51e+02
3487	4.25e-06	1.78e+02
3488	4.25e-06	2.19e+02
3489	4.24e-06	2.79e+02
3490	4.24e-06	3.61e+02
3491	4.24e-06	4.61e+02
3492	4.23e-06	5.58e+02
3493	4.23e-06	6.07e+02
3494	4.23e-06	5.68e+02
3495	4.22e-06	4.58e+02
3496	4.22e-06	3.38e+02
3497	4.22e-06	2.47e+02
3498	4.21e-06	1.91e+02
3499	4.21e-06	1.59e+02
3500	4.21e-06	1.39e+02
3501	4.20e-06	1.28e+02
3502	4.20e-06	1.20e+02
3503	4.20e-06	1.14e+02
3504	4.19e-06	1.10e+02
3505	4.19e-06	1.07e+02
3506	4.19e-06	1.05e+02
3507	4.18e-06	1.03e+02
3508	4.18e-06	1.02e+02
3509	4.18e-06	1.01e+02
3510	4.17e-06	1.00e+02
3511	4.17e-06	9.94e+01
3512	4.17e-06	9.87e+01
3513	4.16e-06	9.82e+01
3514	4.16e-06	9.78e+01
3515	4.16e-06	9.74e+01
3516	4.15e-06	9.71e+01
3517	4.15e-06	9.68e+01
3518	4.15e-06	9.65e+01
3519	4.14e-06	9.63e+01
3520	4.14e-06	9.61e+01
3521	4.14e-06	9.59e+01
3522	4.13e-06	9.58e+01
3523	4.13e-06	9.56e+01
3524	4.13e-06	9.55e+01
3525	4.12e-06	9.53e+01
3526	4.12e-06	9.52e+01
3527	4.12e-06	9.51e+01
3528	4.11e-06	9.50e+01
3529	4.11e-06	9.49e+01
3530	4.11e-06	9.48e+01
3531	4.10e-06	9.47e+01
3532	4.10e-06	9.46e+01
3533	4.10e-06	9.45e+01
3534	4.10e-06	9.44e+01
3535	4.09e-06	9.43e+01
3536	4.09e-06	9.42e+01
3537	4.09e-06	9.41e+01
3538	4.08e-06	9.41e+01
3539	4.08e-06	9.40e+01
3540	4.08e-06	9.39e+01
3541	4.07e-06	9.38e+01
3542	4.07e-06	9.37e+01
3543	4.07e-06	9.37e+01
3544	4.06e-06	9.36e+01
3545	4.06e-06	9.35e+01
3546	4.06e-06	9.34e+01
3547	4.06e-06	9.34e+01
3548	4.05e-06	9.33e+01
3549	4.05e-06	9.32e+01
3550	4.05e-06	9.31e+01
3551	4.04e-06	9.31e+01
3552	4.04e-06	9.30e+01
3553	4.04e-06	9.29e+01
3554	4.03e-06	9.28e+01
3555	4.03e-06	9.28e+01
3556	4.03e-06	9.27e+01
3557	4.03e-06	9.26e+01
3558	4.02e-06	9.26e+01
3559	4.02e-06	9.25e+01
3560	4.02e-06	9.24e+01
3561	4.01e-06	9.24e+01
3562	4.01e-06	9.23e+01
3563	4.01e-06	9.22e+01
3564	4.01e-06	9.21e+01
3565	4.00e-06	9.21e+01
3566	4.00e-06	9.20e+01
3567	4.00e-06	9.19e+01
3568	3.99e-06	9.19e+01
3569	3.99e-06	9.18e+01
3570	3.99e-06	9.18e+01
3571	3.99e-06	9.17e+01
3572	3.98e-06	9.16e+01
3573	3.98e-06	9.16e+01
3574	3.98e-06	9.15e+01
3575	3.97e-06	9.14e+01
3576	3.97e-06	9.14e+01
3577	3.97e-06	9.13e+01
3578	3.97e-06	9.13e+01
3579	3.96e-06	9.12e+01
3580	3.96e-06	9.12e+01
3581	3.96e-06	9.11e+01
3582	3.95e-06	9.11e+01
3583	3.95e-06	9.10e+01
3584	3.95e-06	9.10e+01
3585	3.95e-06	9.09e+01
3586	3.94e-06	9.09e+01
3587	3.94e-06	2.64e+05
3588	inf	0.00e+00
